,Surah 1,Surah 2,Surah 3,Surah 4,Surah 5,Surah 6,Surah 7,Surah 8,Surah 9,Surah 10,Surah 11,Surah 12,Surah 13,Surah 14,Surah 15,Surah 16,Surah 17,Surah 18,Surah 19,Surah 20,Surah 21,Surah 22,Surah 23,Surah 24,Surah 25,Surah 26,Surah 27,Surah 28,Surah 29,Surah 30,Surah 31,Surah 32,Surah 33,Surah 34,Surah 35,Surah 36,Surah 37,Surah 38,Surah 39,Surah 40,Surah 41,Surah 42,Surah 43,Surah 44,Surah 45,Surah 46,Surah 47,Surah 48,Surah 49,Surah 50,Surah 51,Surah 52,Surah 53,Surah 54,Surah 55,Surah 56,Surah 57,Surah 58,Surah 59,Surah 60,Surah 61,Surah 62,Surah 63,Surah 64,Surah 65,Surah 66,Surah 67,Surah 68,Surah 69,Surah 70,Surah 71,Surah 72,Surah 73,Surah 74,Surah 75,Surah 76,Surah 77,Surah 78,Surah 79,Surah 80,Surah 81,Surah 82,Surah 83,Surah 84,Surah 85,Surah 86,Surah 87,Surah 88,Surah 89,Surah 90,Surah 91,Surah 92,Surah 93,Surah 94,Surah 95,Surah 96,Surah 97,Surah 98,Surah 99,Surah 100,Surah 101,Surah 102,Surah 103,Surah 104,Surah 105,Surah 106,Surah 107,Surah 108,Surah 109,Surah 110,Surah 111,Surah 112,Surah 113,Surah 114
Surah 1,100.00,72.29,76.66,75.26,74.87,77.05,74.48,75.55,77.10,75.86,73.89,73.81,75.34,76.48,74.88,74.72,74.24,75.39,75.54,73.15,73.95,76.29,75.90,75.39,72.44,73.59,75.97,72.50,77.10,72.61,78.03,73.24,76.71,72.28,75.68,75.55,74.59,73.40,75.58,75.34,74.06,74.44,74.39,73.14,75.80,76.58,74.46,76.09,74.41,76.02,74.62,75.52,72.87,72.38,70.54,73.63,75.52,75.60,75.20,75.43,79.55,83.48,81.75,79.05,77.76,77.56,75.32,77.91,80.50,77.95,78.91,76.83,81.15,79.25,79.08,77.62,79.55,80.37,79.77,81.65,84.46,85.25,77.08,84.57,85.31,84.53,85.70,79.74,3.90,82.93,85.47,-0.30,73.86,81.34,87.99,84.28,84.69,85.74,84.93,82.57,79.79,78.13,76.61,84.08,78.49,79.87,80.55,70.82,81.12,87.61,83.31,83.04,75.84,83.43
Surah 2,72.29,100.00,96.47,93.17,96.83,94.52,94.89,96.38,95.96,96.40,96.34,96.35,97.20,93.95,95.62,97.49,95.59,95.53,93.39,95.07,96.75,95.48,96.58,96.21,96.08,95.70,96.76,94.99,95.22,97.01,95.71,96.47,95.87,96.98,94.97,95.90,96.85,97.29,95.99,96.00,97.77,96.73,96.78,95.57,96.51,97.45,96.70,92.04,94.92,94.70,96.83,94.98,95.28,93.83,92.35,95.29,95.72,95.56,95.40,96.04,92.40,90.29,92.34,94.88,94.18,94.68,96.77,95.02,92.60,92.26,91.41,93.80,91.58,93.76,91.96,93.45,90.90,90.27,92.25,86.53,83.44,83.31,90.93,84.85,87.70,83.22,78.50,74.40,18.69,83.03,76.33,8.41,66.31,57.29,76.03,79.94,72.87,83.84,68.92,74.04,67.78,61.79,58.76,74.96,60.98,69.48,63.63,55.32,70.11,67.62,72.52,58.83,51.67,62.37
Surah 3,76.66,96.47,100.00,93.71,97.11,95.97,95.10,97.13,96.98,96.82,96.27,96.32,97.41,96.71,95.09,97.12,95.48,95.95,94.70,95.18,96.43,96.95,96.04,97.59,95.09,95.42,96.71,94.70,97.24,96.55,97.32,95.71,96.76,96.18,96.27,96.22,95.62,97.25,97.27,97.67,96.54,97.55,96.45,96.04,97.05,97.62,96.94,94.50,96.36,95.52,96.95,94.53,95.66,94.51,91.86,93.95,96.68,97.17,96.34,96.30,94.30,92.15,92.95,95.90,95.64,95.05,96.15,94.93,93.39,91.15,91.74,93.70,92.76,93.93,90.84,93.25,90.37,89.01,91.79,86.27,84.15,84.53,89.40,86.27,89.44,84.20,81.97,78.36,15.72,82.78,77.31,6.77,65.40,61.41,79.15,80.79,75.53,86.88,73.09,76.74,69.04,66.49,59.49,75.78,66.16,69.64,65.18,56.76,71.26,73.81,74.59,63.16,56.25,66.62
Surah 4,75.26,93.17,93.71,100.00,95.16,92.66,94.82,93.85,94.51,94.82,94.67,94.60,94.08,91.84,92.56,95.39,95.54,94.69,93.68,92.46,93.47,93.23,94.23,94.83,94.32,93.05,93.30,91.46,93.82,93.85,93.61,94.10,95.85,93.75,94.48,93.98,93.68,93.99,93.85,93.57,94.19,93.60,94.63,93.80,93.76,94.01,93.33,93.34,94.00,92.22,94.29,91.93,92.24,90.45,89.01,92.19,93.07,94.64,93.55,95.11,89.65,90.15,91.09,93.31,94.05,93.31,93.71,92.99,92.82,90.88,91.64,93.72,93.31,92.98,88.77,93.30,88.20,90.07,90.43,85.91,83.18,82.50,87.14,84.86,87.01,82.52,79.37,76.27,14.64,81.04,75.85,5.97,65.74,61.01,76.39,79.42,72.10,84.59,71.65,76.82,68.95,65.00,58.42,74.51,62.96,67.75,63.83,55.60,69.93,72.58,73.54,62.60,55.06,64.77
Surah 5,74.87,96.83,97.11,95.16,100.00,94.43,95.01,96.93,97.03,96.37,95.86,96.23,96.80,94.74,94.48,97.47,95.63,96.14,93.71,94.61,95.35,95.36,95.82,97.26,95.33,95.40,95.87,94.60,95.81,96.11,95.85,95.19,96.68,95.93,96.01,95.69,95.77,96.72,96.51,96.37,96.68,96.26,95.64,95.33,96.07,96.80,96.35,93.27,96.23,93.69,96.25,93.60,94.46,93.15,91.25,94.42,95.68,96.88,96.05,97.42,92.40,90.62,92.89,95.38,95.60,95.06,95.19,94.78,92.39,91.46,91.04,93.77,92.82,93.70,90.48,93.20,89.30,89.44,90.70,85.88,82.81,82.72,88.89,84.66,87.69,83.00,79.00,74.30,14.86,82.48,75.96,5.51,65.54,58.70,77.06,78.92,72.58,84.71,69.48,75.09,67.93,63.00,59.01,74.19,62.01,69.44,63.92,55.97,71.23,70.64,72.55,60.28,53.25,62.99
Surah 6,77.05,94.52,95.97,92.66,94.43,100.00,95.42,95.33,95.55,96.89,95.39,95.24,96.51,96.47,95.89,96.10,95.11,95.40,94.57,94.15,96.76,95.82,96.14,94.80,94.18,95.96,96.79,94.48,96.91,95.55,95.87,95.46,96.17,94.61,95.76,96.10,95.43,95.27,96.05,96.00,95.48,95.76,96.12,94.59,96.61,95.88,94.77,94.55,94.86,96.17,96.29,94.29,95.21,92.66,90.19,93.54,95.52,95.81,95.86,94.88,92.98,93.11,93.55,94.00,94.00,93.95,95.56,94.21,93.92,91.62,92.42,93.98,91.36,94.13,90.57,93.21,90.68,88.85,91.83,87.88,85.91,84.77,90.27,87.17,89.62,84.90,83.61,80.89,14.61,84.30,79.30,6.01,67.53,63.39,81.09,81.45,75.30,86.91,74.91,77.42,69.74,71.08,60.50,77.46,68.68,70.29,68.26,57.19,72.27,75.84,76.34,64.84,58.05,68.57
Surah 7,74.48,94.89,95.10,94.82,95.01,95.42,100.00,95.54,95.85,96.46,96.19,96.06,95.87,95.34,96.12,97.03,96.71,96.79,95.92,95.86,96.54,95.85,96.07,95.31,96.18,96.05,96.48,94.37,96.22,95.47,95.57,96.57,96.65,95.53,94.99,96.66,96.40,95.61,95.46,95.65,96.30,95.33,96.09,95.87,96.04,95.65,95.68,94.60,95.36,95.66,96.69,94.36,95.35,92.67,89.97,93.77,94.91,95.71,96.69,95.68,93.23,91.89,93.08,94.17,94.58,95.86,95.69,94.80,94.48,92.45,93.85,95.01,93.42,94.60,91.08,94.55,91.19,90.89,92.53,87.92,84.44,84.81,89.88,86.50,89.37,85.15,82.27,80.49,14.27,83.34,77.65,5.19,67.66,62.47,79.81,80.16,74.95,86.21,73.91,78.54,69.19,69.28,59.78,76.32,67.52,70.49,65.78,57.93,72.10,74.01,76.89,61.94,57.15,67.90
Surah 8,75.55,96.38,97.13,93.85,96.93,95.33,95.54,100.00,97.74,97.10,96.89,95.64,97.50,96.00,95.39,97.49,95.73,96.94,93.80,94.70,96.24,97.28,95.52,97.06,95.47,95.41,96.30,94.78,96.73,96.67,97.03,96.71,97.30,95.98,96.96,96.38,95.84,96.52,97.75,97.51,97.01,97.25,96.49,96.49,97.03,97.27,97.09,95.15,96.73,94.61,97.16,95.17,95.67,93.92,90.58,93.70,96.50,97.78,97.12,97.40,93.15,92.09,93.11,95.85,95.65,94.50,96.14,95.67,92.45,91.11,91.53,94.16,92.28,94.37,90.09,93.26,89.89,88.82,91.25,85.67,83.65,83.27,88.76,85.35,88.38,83.82,80.07,77.77,15.32,80.94,76.18,6.05,65.81,60.13,78.19,80.38,73.68,84.62,72.22,75.60,68.21,65.98,59.01,75.76,65.87,69.36,65.19,56.80,69.74,73.02,73.33,62.70,55.43,66.09
Surah 9,77.10,95.96,96.98,94.51,97.03,95.55,95.85,97.74,100.00,96.99,96.89,96.13,96.96,96.15,95.02,97.44,95.63,96.78,93.90,95.11,95.79,96.60,95.33,96.68,95.33,95.58,96.39,94.53,97.08,96.74,96.15,96.37,97.36,95.47,96.62,96.01,95.58,96.36,97.54,97.02,97.28,96.62,95.82,95.94,97.47,97.41,96.67,94.99,97.24,94.17,97.04,93.74,95.49,93.10,90.14,93.56,96.06,97.77,97.73,97.39,93.83,92.34,93.98,96.12,96.17,94.79,95.27,94.94,92.04,90.97,92.41,93.60,92.91,93.97,90.50,93.17,89.81,88.90,91.28,85.91,83.56,84.01,88.91,85.87,88.80,84.70,80.44,77.55,15.21,81.67,77.06,6.48,66.19,60.69,78.93,80.22,74.40,85.59,72.17,77.13,67.96,66.78,59.59,75.13,65.57,70.23,64.77,57.28,71.99,73.93,74.54,62.81,54.74,65.56
Surah 10,75.86,96.40,96.82,94.82,96.37,96.89,96.46,97.10,96.99,100.00,96.91,96.85,98.16,96.64,96.43,97.87,96.38,97.13,95.23,95.40,96.97,97.21,96.49,96.64,96.14,96.19,97.57,94.76,97.44,97.32,97.17,97.60,97.63,96.78,96.98,96.82,96.27,96.94,97.49,97.36,96.94,96.97,97.22,96.39,97.86,97.40,96.96,94.49,96.57,95.79,97.49,95.31,96.34,93.75,91.54,94.13,96.54,97.38,97.12,96.79,93.62,93.72,94.54,95.94,95.55,94.79,96.89,95.87,93.91,92.76,93.10,95.24,92.97,95.38,91.04,94.22,90.41,90.20,92.60,87.31,84.92,84.62,90.21,86.81,90.13,84.39,82.22,79.07,15.02,82.50,77.94,6.00,66.55,61.19,79.27,81.04,73.62,86.20,74.00,77.07,68.52,67.98,59.70,75.98,67.08,69.88,65.70,56.23,71.28,74.25,74.86,63.22,55.93,66.54
Surah 11,73.89,96.34,96.27,94.67,95.86,95.39,96.19,96.89,96.89,96.91,100.00,96.62,97.06,94.64,95.48,97.56,97.17,97.08,94.58,95.41,96.65,96.76,95.66,96.31,96.93,95.44,96.06,94.16,95.80,97.65,96.37,97.59,96.99,97.04,97.14,96.57,96.00,96.55,97.24,96.89,97.34,97.43,97.52,96.98,96.98,96.99,97.04,94.80,96.02,94.84,97.46,93.53,95.97,93.90,91.18,93.77,96.66,96.39,96.36,96.36,91.53,90.99,91.83,95.22,95.59,93.61,96.93,95.55,93.18,90.37,91.82,94.03,92.78,94.10,89.58,94.33,88.83,88.65,91.31,85.00,83.12,82.71,88.51,84.68,88.03,83.35,78.79,77.70,18.48,80.89,75.17,8.61,64.91,58.71,76.99,78.79,73.91,83.36,71.69,75.67,67.19,65.60,58.14,74.99,64.80,69.11,63.86,55.59,68.39,72.01,74.08,61.38,53.35,64.36
Surah 12,73.81,96.35,96.32,94.60,96.23,95.24,96.06,95.64,96.13,96.85,96.62,100.00,96.83,94.62,95.48,97.04,97.02,96.34,96.04,96.69,96.71,95.40,96.08,95.84,96.57,96.53,96.84,96.33,95.82,96.44,95.81,96.27,96.51,96.66,95.07,96.92,96.19,97.24,96.01,96.23,96.85,96.13,97.21,96.15,96.25,96.90,96.17,92.64,95.10,95.36,97.00,94.02,95.61,94.13,90.97,94.48,95.24,95.39,95.47,96.13,91.96,90.23,92.65,94.63,94.46,95.27,95.72,95.34,93.52,91.52,91.59,94.33,92.39,93.89,91.98,93.58,90.05,89.84,92.39,87.44,83.63,83.44,89.14,85.59,88.71,84.73,80.04,75.79,15.48,83.52,77.43,5.65,66.87,59.28,78.55,80.44,74.03,85.51,70.94,75.75,68.78,64.64,60.69,75.62,63.68,71.09,64.79,57.43,70.72,71.40,74.91,60.77,52.67,63.81
Surah 13,75.34,97.20,97.41,94.08,96.80,96.51,95.87,97.50,96.96,98.16,97.06,96.83,100.00,96.17,96.17,98.13,96.36,96.45,94.43,95.83,97.03,97.53,96.03,96.63,95.98,96.39,97.27,95.25,96.95,97.67,97.25,97.14,97.21,96.86,97.18,96.97,96.06,97.47,97.94,97.83,97.05,97.99,97.38,96.40,97.92,97.61,97.05,94.31,96.83,95.46,97.52,94.94,96.42,94.14,91.84,93.99,96.95,97.22,97.13,96.94,93.31,92.69,93.19,96.02,95.67,94.56,96.91,95.43,93.31,91.50,92.07,94.25,92.38,94.39,90.84,93.71,89.40,89.27,91.77,86.26,84.07,83.57,88.95,85.41,89.29,83.93,81.07,77.67,17.09,81.87,76.66,8.07,65.76,59.40,78.11,79.79,73.21,84.94,72.28,76.31,67.86,66.10,58.89,75.78,65.31,69.71,64.79,56.25,70.31,72.72,74.15,62.28,54.19,65.57
Surah 14,76.48,93.95,96.71,91.84,94.74,96.47,95.34,96.00,96.15,96.64,94.64,94.62,96.17,100.00,94.96,95.89,94.00,95.04,93.87,93.86,95.63,97.19,94.84,95.54,93.07,94.75,95.89,93.37,97.82,95.35,96.99,95.47,96.31,94.69,96.36,95.61,94.20,95.38,96.02,97.28,95.06,96.04,94.93,95.31,96.92,95.77,95.10,94.63,95.55,95.35,95.94,93.87,94.61,92.78,89.54,91.41,95.19,96.72,97.18,95.25,94.59,92.58,92.99,94.50,94.45,93.76,94.65,93.66,92.67,90.08,92.25,92.52,90.95,92.37,88.71,91.56,89.73,87.70,89.94,85.40,83.40,84.12,88.32,85.90,89.70,83.37,82.72,81.50,14.10,82.16,77.90,6.28,66.00,62.70,80.49,79.44,74.82,86.99,74.86,78.11,67.32,70.41,59.97,75.87,70.51,69.97,65.70,57.50,71.33,75.41,76.23,63.82,58.32,68.17
Surah 15,74.88,95.62,95.09,92.56,94.48,95.89,96.12,95.39,95.02,96.43,95.48,95.48,96.17,94.96,100.00,96.42,95.27,95.84,94.51,94.91,96.74,95.61,96.62,94.43,95.28,96.85,96.86,95.69,95.10,95.59,95.25,96.54,95.74,96.03,95.21,97.21,97.09,96.18,95.24,95.96,96.11,95.34,96.16,96.29,95.80,96.20,95.14,92.47,93.44,96.40,97.00,94.98,96.51,94.42,91.59,95.63,95.45,94.67,95.69,94.96,91.06,90.26,91.98,92.95,92.81,94.60,95.68,95.14,93.36,92.55,91.54,94.14,90.77,94.46,89.95,93.34,91.06,90.21,92.40,88.01,85.18,85.03,90.98,86.89,89.34,85.56,81.23,78.43,13.03,83.97,78.56,4.06,68.25,62.16,79.05,80.53,74.68,86.11,74.54,76.39,69.81,67.71,61.47,77.63,66.68,71.51,67.22,57.23,71.50,71.98,76.30,62.40,55.86,67.23
Surah 16,74.72,97.49,97.12,95.39,97.47,96.10,97.03,97.49,97.44,97.87,97.56,97.04,98.13,95.89,96.42,100.00,96.76,97.19,94.86,96.17,97.04,97.18,96.61,97.11,96.81,96.59,97.27,95.21,96.98,97.58,96.99,97.68,97.34,97.00,96.91,97.18,97.19,97.39,97.39,97.71,98.07,97.10,97.33,96.96,97.73,97.42,97.09,94.46,96.80,95.63,98.13,95.41,96.31,94.01,92.10,95.16,96.63,97.40,97.25,97.26,93.35,91.85,93.86,95.80,95.92,95.17,96.82,96.28,94.19,92.86,92.46,94.59,93.14,94.69,91.63,94.20,90.82,90.60,92.40,87.42,84.70,84.58,90.45,86.47,89.45,84.90,80.41,77.49,16.63,83.44,77.19,6.92,66.29,59.28,78.80,80.41,74.01,85.49,71.99,77.12,68.71,66.08,59.74,76.13,65.14,70.65,65.49,57.22,71.02,72.18,74.69,61.83,54.34,65.07
Surah 17,74.24,95.59,95.48,95.54,95.63,95.11,96.71,95.73,95.63,96.38,97.17,97.02,96.36,94.00,95.27,96.76,100.00,96.87,95.17,95.69,96.54,95.51,96.09,95.90,97.74,95.35,95.97,95.11,95.25,96.12,95.64,96.57,96.60,96.91,95.36,96.58,95.75,96.52,96.09,95.45,96.93,96.20,97.58,95.97,95.81,96.40,96.17,94.63,94.77,95.43,96.59,93.81,94.93,93.59,90.68,93.82,94.93,95.20,95.35,95.48,90.81,90.56,91.54,93.75,94.75,94.65,95.66,94.58,93.86,91.36,92.52,94.97,93.12,94.16,90.38,95.64,89.68,90.35,92.47,86.36,83.61,82.89,88.28,85.13,88.24,83.63,80.14,77.41,15.29,82.43,76.66,5.71,65.87,60.05,77.66,80.07,73.72,85.56,72.00,75.29,68.46,65.58,58.95,74.98,63.97,69.09,64.92,54.70,69.46,72.06,74.44,60.42,53.25,64.34
Surah 18,75.39,95.53,95.95,94.69,96.14,95.40,96.79,96.94,96.78,97.13,97.08,96.34,96.45,95.04,95.84,97.19,96.87,100.00,95.48,95.80,96.14,96.60,95.65,95.62,96.71,95.59,96.28,94.69,95.97,96.61,96.24,97.21,97.42,96.21,96.45,96.57,95.95,96.10,96.76,96.57,96.97,96.19,96.77,96.17,96.63,96.51,96.27,95.07,95.53,95.02,96.98,93.78,96.23,93.65,89.42,93.54,95.69,96.15,97.03,96.10,92.35,90.69,92.95,94.44,95.73,94.69,95.98,94.87,93.41,91.29,91.97,95.56,92.74,94.03,89.79,94.77,89.00,89.21,91.49,86.09,83.40,83.17,88.20,85.24,88.15,84.80,79.78,78.50,15.73,81.55,76.56,5.58,65.71,59.95,77.90,78.84,73.88,85.10,73.31,76.95,67.68,66.95,59.27,75.36,66.09,69.66,64.35,56.64,69.71,73.44,74.75,61.88,55.15,65.16
Surah 19,75.54,93.39,94.70,93.68,93.71,94.57,95.92,93.80,93.90,95.23,94.58,96.04,94.43,93.87,94.51,94.86,95.17,95.48,100.00,96.30,94.93,94.65,95.43,94.12,95.00,95.46,95.79,94.89,94.70,93.86,94.86,94.97,95.46,94.54,94.13,95.25,95.30,95.05,94.39,94.83,94.66,94.88,95.30,94.75,94.79,95.26,94.05,93.21,93.66,95.09,95.52,93.08,94.74,92.36,89.34,92.54,93.68,93.90,93.99,93.70,91.77,90.64,91.61,92.33,94.11,95.10,95.05,93.55,93.57,90.43,93.27,94.63,92.85,93.04,90.62,93.27,89.55,90.01,92.49,86.87,84.16,84.55,87.78,85.37,88.71,84.61,83.48,78.79,16.45,83.24,78.37,7.64,67.64,62.89,78.98,80.80,76.39,85.37,73.79,78.32,69.91,68.02,59.76,76.73,66.40,69.89,65.44,57.44,71.84,73.77,76.94,62.77,56.33,67.27
Surah 20,73.15,95.07,95.18,92.46,94.61,94.15,95.86,94.70,95.11,95.40,95.41,96.69,95.83,93.86,94.91,96.17,95.69,95.80,96.30,100.00,95.53,94.60,94.99,94.43,95.91,97.27,96.07,96.27,95.08,94.57,95.00,95.49,95.16,95.50,93.81,95.68,95.36,96.27,95.12,95.54,96.21,95.05,95.65,95.29,95.62,95.99,95.18,92.49,94.83,94.32,96.09,93.20,96.10,93.01,90.28,93.36,93.60,94.47,95.11,94.75,92.34,89.49,91.63,93.16,94.53,95.11,95.10,94.08,93.47,90.30,92.62,94.30,91.85,93.22,91.65,93.47,89.74,89.17,92.67,86.27,84.01,84.51,88.37,85.21,88.21,84.66,81.50,77.37,18.40,83.04,77.11,8.86,66.94,60.06,77.49,80.75,75.16,84.56,71.62,76.97,68.49,64.91,59.42,76.25,64.59,70.58,63.52,57.59,71.61,71.68,75.54,59.56,53.58,65.38
Surah 21,73.95,96.75,96.43,93.47,95.35,96.76,96.54,96.24,95.79,96.97,96.65,96.71,97.03,95.63,96.74,97.04,96.54,96.14,94.93,95.53,100.00,95.87,96.74,95.81,96.81,96.78,97.11,95.64,96.48,96.66,96.14,97.37,96.26,97.02,95.57,97.43,96.98,97.23,96.22,96.05,97.41,96.72,97.77,96.71,96.71,96.83,96.62,93.67,95.20,96.73,97.66,95.92,96.57,94.93,92.84,95.77,96.02,95.81,95.67,95.76,92.32,91.20,92.89,94.14,94.01,94.46,96.68,95.85,94.34,92.49,92.45,94.94,91.98,95.31,91.92,94.49,91.79,90.56,93.31,87.70,85.03,84.37,91.16,86.80,89.18,84.76,81.53,79.26,14.25,84.06,78.20,4.82,67.50,60.54,79.26,80.55,74.96,85.78,73.33,76.68,69.18,67.37,60.12,76.40,66.15,70.43,66.50,56.97,71.21,71.55,75.46,61.22,54.64,65.93
Surah 22,76.29,95.48,96.95,93.23,95.36,95.82,95.85,97.28,96.60,97.21,96.76,95.40,97.53,97.19,95.61,97.18,95.51,96.60,94.65,94.60,95.87,100.00,95.63,96.69,94.72,94.63,96.54,94.30,97.57,96.87,97.65,97.10,97.24,96.25,97.63,96.23,95.65,96.18,97.08,97.73,96.04,97.42,96.36,96.38,97.51,96.74,96.54,95.53,95.62,95.65,96.83,94.04,96.03,94.15,90.62,92.35,96.66,97.13,97.20,95.62,93.48,92.37,92.62,95.18,95.47,94.01,96.04,94.37,93.23,90.87,91.49,93.44,91.61,93.08,89.34,93.01,89.23,88.43,90.79,85.54,83.72,83.97,88.19,85.39,90.01,84.17,81.71,80.95,16.12,81.93,77.05,7.48,66.00,62.68,79.26,79.54,74.71,85.70,75.03,77.29,68.41,69.93,59.81,76.65,69.11,69.37,65.89,57.20,69.54,74.57,75.87,64.16,57.38,68.16
Surah 23,75.90,96.58,96.04,94.23,95.82,96.14,96.07,95.52,95.33,96.49,95.66,96.08,96.03,94.84,96.62,96.61,96.09,95.65,95.43,94.99,96.74,95.63,100.00,96.26,95.78,96.28,96.81,95.35,95.83,95.74,95.94,96.10,96.39,96.56,94.99,96.46,97.26,96.50,95.02,95.62,96.86,96.12,96.84,95.65,95.84,96.91,95.85,93.62,93.98,96.45,97.11,94.32,95.21,94.41,92.07,95.65,95.69,95.37,94.93,95.10,91.48,90.89,92.29,93.35,93.59,95.10,96.41,94.57,94.53,93.29,92.78,95.04,92.06,94.47,91.23,94.44,91.92,91.00,93.40,88.34,85.69,85.24,90.76,86.72,89.42,85.94,82.37,78.95,15.48,84.91,79.72,6.65,68.27,62.92,79.94,82.07,75.65,86.43,72.84,76.54,71.78,67.67,60.77,77.46,65.96,70.91,67.97,55.73,70.61,71.65,76.21,62.06,56.30,66.80
Surah 24,75.39,96.21,97.59,94.83,97.26,94.80,95.31,97.06,96.68,96.64,96.31,95.84,96.63,95.54,94.43,97.11,95.90,95.62,94.12,94.43,95.81,96.69,96.26,100.00,95.12,95.10,95.55,93.73,96.80,96.18,96.94,96.14,96.72,96.15,96.22,95.83,95.56,96.43,96.65,96.63,96.51,97.08,96.10,95.85,96.81,97.12,96.93,94.81,96.39,94.49,96.51,93.95,94.54,93.86,91.20,93.51,96.42,97.28,95.65,96.74,92.56,91.28,92.44,94.97,94.97,94.04,95.68,94.55,92.89,90.62,91.24,93.78,91.84,93.02,89.43,92.75,89.31,88.85,90.82,84.83,82.82,82.88,88.04,84.62,88.09,82.85,80.05,77.62,15.76,81.95,75.65,6.02,64.21,60.32,78.30,79.07,73.64,86.11,71.91,75.10,68.53,66.27,57.43,74.43,64.53,67.71,64.21,54.50,69.95,72.09,73.46,61.79,55.09,65.47
Surah 25,72.44,96.08,95.09,94.32,95.33,94.18,96.18,95.47,95.33,96.14,96.93,96.57,95.98,93.07,95.28,96.81,97.74,96.71,95.00,95.91,96.81,94.72,95.78,95.12,100.00,95.50,95.65,94.88,94.44,95.97,94.79,96.59,96.32,97.43,94.64,96.09,95.91,96.71,95.56,94.86,97.32,95.73,97.27,96.34,95.58,96.20,96.36,93.76,94.45,95.46,96.76,94.27,95.38,94.05,90.67,94.84,95.42,94.97,94.66,95.19,90.17,88.92,91.09,93.42,94.22,93.95,95.78,94.85,93.15,91.88,91.78,95.47,92.39,94.05,90.34,95.95,89.87,90.65,92.36,85.37,82.71,82.97,89.26,85.37,86.84,83.92,78.47,76.09,17.90,82.33,75.55,7.17,65.25,57.84,76.83,79.13,74.04,84.57,71.15,74.42,68.18,64.24,58.83,75.08,63.42,70.08,64.53,55.57,68.50,70.01,74.08,59.47,52.11,63.52
Surah 26,73.59,95.70,95.42,93.05,95.40,95.96,96.05,95.41,95.58,96.19,95.44,96.53,96.39,94.75,96.85,96.59,95.35,95.59,95.46,97.27,96.78,94.63,96.28,95.10,95.50,100.00,96.62,96.51,95.56,95.23,94.95,96.17,95.74,95.58,94.59,96.66,96.69,96.41,95.53,95.90,96.49,95.22,96.23,96.28,96.29,96.12,95.12,92.81,95.44,94.93,97.00,93.93,96.47,93.49,91.71,95.42,94.53,95.28,95.39,95.59,91.98,90.27,92.33,93.64,94.04,94.85,95.74,94.96,93.54,91.20,92.89,94.75,92.15,94.28,91.73,93.51,90.79,89.67,92.44,87.40,85.42,84.11,89.88,86.50,88.16,84.55,80.50,76.43,14.59,83.46,77.52,5.32,67.25,59.65,78.12,80.61,74.11,84.16,71.55,77.14,68.90,65.68,59.63,76.00,64.85,70.87,64.64,57.74,72.53,71.43,75.20,60.44,54.99,65.44
Surah 27,75.97,96.76,96.71,93.30,95.87,96.79,96.48,96.30,96.39,97.57,96.06,96.84,97.27,95.89,96.86,97.27,95.97,96.28,95.79,96.07,97.11,96.54,96.81,95.55,95.65,96.62,100.00,96.47,96.80,96.38,96.69,96.40,96.76,96.40,95.57,97.34,97.66,96.92,96.21,96.74,96.96,96.48,96.99,96.06,96.77,97.86,96.42,93.51,94.87,96.85,97.10,95.42,96.34,94.03,91.91,95.20,96.10,96.10,96.28,95.74,93.28,93.14,94.17,94.79,94.38,95.84,96.35,95.20,94.22,93.60,92.65,94.68,92.65,94.90,92.25,93.71,91.46,91.03,93.71,88.96,85.83,85.44,91.52,87.04,90.45,85.40,83.70,78.77,14.39,84.96,79.58,5.58,68.70,62.70,80.38,82.22,76.15,86.91,73.65,76.68,69.39,68.37,60.59,77.43,66.87,71.06,67.86,56.31,72.69,72.77,76.39,62.63,55.93,67.18
Surah 28,72.50,94.99,94.70,91.46,94.60,94.48,94.37,94.78,94.53,94.76,94.16,96.33,95.25,93.37,95.69,95.21,95.11,94.69,94.89,96.27,95.64,94.30,95.35,93.73,94.88,96.51,96.47,100.00,94.44,94.40,94.01,94.24,95.00,95.09,93.27,95.93,95.66,95.84,94.29,94.67,95.15,94.53,95.51,94.55,94.30,95.83,94.12,91.91,92.76,94.73,95.56,93.41,95.14,93.21,90.78,94.30,93.57,93.36,94.16,93.92,90.05,88.61,91.00,91.93,92.78,94.61,94.23,93.66,91.60,91.39,90.69,93.77,90.46,92.88,90.87,92.84,89.84,89.19,92.01,87.06,84.01,83.63,89.90,85.66,87.37,84.85,79.53,75.02,13.55,83.36,78.25,4.58,67.55,59.76,77.00,80.77,74.03,84.46,71.03,73.89,69.29,63.88,60.60,76.06,63.68,70.41,65.94,55.92,69.71,69.96,75.03,60.10,52.77,64.71
Surah 29,77.10,95.22,97.24,93.82,95.81,96.91,96.22,96.73,97.08,97.44,95.80,95.82,96.95,97.82,95.10,96.98,95.25,95.97,94.70,95.08,96.48,97.57,95.83,96.80,94.44,95.56,96.80,94.44,100.00,96.04,97.44,96.31,97.17,95.58,96.48,96.04,95.61,96.11,96.73,97.09,96.06,96.28,95.90,95.58,97.62,96.95,96.14,95.41,96.67,95.62,96.71,94.36,95.84,92.86,90.74,92.96,96.07,97.34,97.28,96.42,94.94,93.66,93.82,95.55,95.27,95.04,95.86,94.99,93.69,91.43,93.05,93.91,92.15,94.04,90.19,93.07,90.28,89.39,91.68,87.01,84.53,85.27,89.09,87.00,90.34,84.40,83.39,82.15,15.35,82.86,78.18,7.03,67.40,63.92,81.26,81.11,75.16,87.83,75.56,78.42,68.79,71.24,60.00,76.74,69.72,69.69,66.54,57.89,72.57,76.43,75.99,64.82,58.18,68.45
Surah 30,72.61,97.01,96.55,93.85,96.11,95.55,95.47,96.67,96.74,97.32,97.65,96.44,97.67,95.35,95.59,97.58,96.12,96.61,93.86,94.57,96.66,96.87,95.74,96.18,95.97,95.23,96.38,94.40,96.04,100.00,96.11,97.50,96.48,97.14,97.03,96.26,95.70,96.89,97.01,97.14,97.08,97.63,97.23,96.40,97.05,97.15,96.36,93.77,95.76,95.18,97.47,94.07,95.92,94.09,92.04,93.86,96.61,96.66,96.74,96.35,92.05,90.98,91.80,95.13,94.48,93.30,96.64,95.11,92.64,90.71,90.73,93.09,91.48,93.32,89.57,92.90,88.74,88.37,91.16,85.22,82.13,81.09,88.50,83.48,88.22,82.05,78.38,75.83,16.62,80.03,74.57,7.39,63.95,56.90,75.39,77.46,71.26,82.68,69.65,73.97,65.64,63.95,56.87,72.91,62.40,67.11,62.07,54.04,67.80,69.90,71.93,59.39,51.02,61.72
Surah 31,78.03,95.71,97.32,93.61,95.85,95.87,95.57,97.03,96.15,97.17,96.37,95.81,97.25,96.99,95.25,96.99,95.64,96.24,94.86,95.00,96.14,97.65,95.94,96.94,94.79,94.95,96.69,94.01,97.44,96.11,100.00,96.32,96.87,96.12,97.01,96.42,95.94,96.27,96.72,97.25,96.02,97.05,96.56,96.00,96.94,97.15,96.58,94.71,95.14,96.01,96.78,94.74,95.19,94.27,90.80,92.87,96.59,96.33,96.11,96.00,93.69,92.94,93.36,95.14,95.29,94.13,96.35,94.92,94.83,91.79,92.67,94.25,92.77,93.93,90.36,93.64,90.68,89.77,92.31,86.79,84.40,85.35,88.69,86.32,90.41,85.06,84.09,81.43,15.18,83.73,78.62,6.01,66.83,63.83,80.74,81.32,76.54,87.79,75.73,77.54,70.56,69.58,60.81,78.18,69.40,70.57,67.71,57.02,71.68,75.57,76.57,64.26,58.75,69.23
Surah 32,73.24,96.47,95.71,94.10,95.19,95.46,96.57,96.71,96.37,97.60,97.59,96.27,97.14,95.47,96.54,97.68,96.57,97.21,94.97,95.49,97.37,97.10,96.10,96.14,96.59,96.17,96.40,94.24,96.31,97.50,96.32,100.00,96.49,97.24,96.84,96.96,96.22,96.88,96.85,96.88,97.36,97.11,97.18,97.46,97.65,96.74,96.37,94.37,95.91,95.30,97.79,94.95,96.82,94.54,91.65,94.09,96.43,96.48,96.51,96.35,92.71,90.94,92.45,94.73,94.89,93.40,97.21,95.90,93.81,91.33,92.42,94.37,91.91,94.03,90.11,93.98,90.16,89.81,91.73,85.85,82.97,82.94,89.13,84.70,88.58,83.29,79.54,79.05,17.53,80.91,75.38,7.33,64.99,58.69,77.17,78.54,72.96,84.03,71.82,76.69,66.95,66.85,57.57,74.36,65.73,68.40,63.17,55.37,69.08,71.34,73.46,59.73,53.44,63.98
Surah 33,76.71,95.87,96.76,95.85,96.68,96.17,96.65,97.30,97.36,97.63,96.99,96.51,97.21,96.31,95.74,97.34,96.60,97.42,95.46,95.16,96.26,97.24,96.39,96.72,96.32,95.74,96.76,95.00,97.17,96.48,96.87,96.49,100.00,96.52,97.02,96.80,96.36,96.33,96.90,96.72,96.75,96.50,97.21,96.42,96.91,96.99,96.87,96.35,96.26,95.79,97.08,94.18,95.39,93.79,90.53,93.84,96.41,97.38,97.18,96.68,92.67,92.27,93.52,95.12,95.70,95.06,96.07,94.47,93.34,91.64,92.62,95.31,92.84,93.96,89.81,94.69,89.74,89.43,91.89,86.13,84.27,84.80,89.14,86.23,88.86,85.21,81.75,78.96,15.28,82.72,78.02,5.98,66.63,62.17,79.23,80.76,75.04,86.43,74.07,77.26,69.19,68.26,60.01,77.10,67.55,70.10,66.78,56.09,70.70,74.42,75.99,63.24,56.65,67.62
Surah 34,72.28,96.98,96.18,93.75,95.93,94.61,95.53,95.98,95.47,96.78,97.04,96.66,96.86,94.69,96.03,97.00,96.91,96.21,94.54,95.50,97.02,96.25,96.56,96.15,97.43,95.58,96.40,95.09,95.58,97.14,96.12,97.24,96.52,100.00,96.10,96.46,96.28,97.65,95.60,96.20,97.12,96.99,97.67,97.09,96.14,97.23,96.54,93.32,94.42,96.52,97.15,94.56,95.97,95.10,92.97,95.01,96.19,95.43,95.14,95.60,90.74,89.61,90.83,93.77,93.71,93.57,96.33,94.96,93.15,91.70,90.83,94.25,90.90,93.60,90.07,94.38,89.52,89.78,92.22,85.65,83.06,82.88,89.76,84.48,88.10,83.51,79.69,76.69,17.73,82.83,76.35,7.59,65.96,58.83,76.55,79.15,73.50,84.64,71.15,73.80,67.52,64.94,58.33,75.41,63.43,69.62,64.87,53.97,67.68,69.03,74.14,58.62,51.57,63.18
Surah 35,75.68,94.97,96.27,94.48,96.01,95.76,94.99,96.96,96.62,96.98,97.14,95.07,97.18,96.36,95.21,96.91,95.36,96.45,94.13,93.81,95.57,97.63,94.99,96.22,94.64,94.59,95.57,93.27,96.48,97.03,97.01,96.84,97.02,96.10,100.00,95.93,95.00,96.06,97.12,97.38,95.60,97.40,96.00,96.07,96.82,96.27,95.77,95.12,95.84,94.86,96.72,93.46,95.49,93.53,90.18,92.37,97.08,96.95,96.60,96.33,92.11,91.62,92.00,95.10,95.43,92.78,95.75,94.56,92.44,89.84,91.27,93.02,92.00,93.02,88.21,93.15,87.88,87.96,90.02,84.44,82.85,81.96,87.06,83.68,88.67,82.36,79.83,78.92,15.16,80.47,75.87,6.42,65.10,60.24,77.15,77.75,72.67,83.84,72.81,75.52,67.07,67.54,58.43,75.26,66.04,68.71,64.29,55.60,69.16,72.82,74.15,62.88,54.94,64.88
Surah 36,75.55,95.90,96.22,93.98,95.69,96.10,96.66,96.38,96.01,96.82,96.57,96.92,96.97,95.61,97.21,97.18,96.58,96.57,95.25,95.68,97.43,96.23,96.46,95.83,96.09,96.66,97.34,95.93,96.04,96.26,96.42,96.96,96.80,96.46,95.93,100.00,97.40,96.90,96.27,96.45,96.96,96.23,97.37,97.02,96.68,96.83,96.37,93.92,94.75,96.53,97.45,94.97,96.63,95.00,91.27,95.34,96.24,96.10,95.72,95.87,91.49,91.12,92.68,93.77,94.47,94.62,95.78,95.55,94.08,92.24,91.80,94.44,91.89,94.59,90.90,94.12,90.50,89.81,92.94,87.50,85.06,84.71,90.12,86.54,89.22,85.87,82.00,78.63,12.59,84.32,78.51,2.88,66.99,61.27,79.82,80.82,75.75,86.51,73.17,76.68,70.04,67.94,60.66,77.52,66.84,71.53,67.24,56.51,70.66,72.95,76.02,60.88,55.17,66.78
Surah 37,74.59,96.85,95.62,93.68,95.77,95.43,96.40,95.84,95.58,96.27,96.00,96.19,96.06,94.20,97.09,97.19,95.75,95.95,95.30,95.36,96.98,95.65,97.26,95.56,95.91,96.69,97.66,95.66,95.61,95.70,95.94,96.22,96.36,96.28,95.00,97.40,100.00,96.89,94.93,95.74,97.16,95.35,96.74,96.81,95.94,96.84,95.69,92.55,93.74,96.58,97.38,95.25,96.04,94.82,92.50,96.74,95.80,95.27,95.04,95.18,91.52,91.03,93.18,93.60,92.95,95.16,96.53,95.61,94.70,94.12,91.99,95.19,92.26,95.31,92.10,94.15,92.70,92.20,94.32,89.35,86.16,86.46,92.24,87.61,89.78,87.04,82.00,78.03,15.83,85.91,79.70,6.18,69.19,62.20,80.16,81.77,76.35,86.09,72.95,77.72,72.15,67.60,61.80,79.00,65.91,71.90,68.67,57.56,72.35,70.97,77.26,61.61,55.91,66.84
Surah 38,73.40,97.29,97.25,93.99,96.72,95.27,95.61,96.52,96.36,96.94,96.55,97.24,97.47,95.38,96.18,97.39,96.52,96.10,95.05,96.27,97.23,96.18,96.50,96.43,96.71,96.41,96.92,95.84,96.11,96.89,96.27,96.88,96.33,97.65,96.06,96.90,96.89,100.00,96.27,97.03,97.34,97.27,97.21,97.07,96.47,97.61,96.41,93.11,95.27,96.64,97.36,95.46,96.68,96.02,93.25,95.82,95.76,96.09,95.84,96.28,92.54,90.13,91.53,94.38,93.84,94.85,96.50,95.90,93.54,92.30,91.63,94.19,92.15,94.65,91.51,93.85,90.89,90.92,92.85,86.71,83.74,83.45,89.79,85.61,88.85,84.01,79.71,76.19,17.15,82.89,77.28,7.44,67.14,58.70,77.32,79.02,73.48,83.92,70.64,76.06,67.83,64.33,59.70,74.99,63.55,69.64,64.22,56.93,70.09,69.69,73.99,60.02,52.08,62.73
Surah 39,75.58,95.99,97.27,93.85,96.51,96.05,95.46,97.75,97.54,97.49,97.24,96.01,97.94,96.02,95.24,97.39,96.09,96.76,94.39,95.12,96.22,97.08,95.02,96.65,95.56,95.53,96.21,94.29,96.73,97.01,96.72,96.85,96.90,95.60,97.12,96.27,94.93,96.27,100.00,97.41,96.75,97.61,96.58,95.93,97.97,97.00,96.78,94.85,97.31,93.69,96.99,94.03,96.36,92.93,89.87,92.72,96.56,97.50,97.15,96.88,93.61,92.44,93.30,96.02,96.45,94.27,96.28,94.93,92.11,89.58,92.45,94.03,92.58,93.42,89.89,93.30,88.31,87.65,90.58,84.65,82.70,82.59,87.70,84.39,87.57,82.50,79.83,77.41,16.84,79.87,74.66,7.05,64.35,58.59,76.97,78.97,72.49,84.27,71.85,75.74,65.95,65.65,57.42,73.82,64.66,68.39,62.28,55.87,70.63,73.02,72.76,62.44,54.22,64.67
Surah 40,75.34,96.00,97.67,93.57,96.37,96.00,95.65,97.51,97.02,97.36,96.89,96.23,97.83,97.28,95.96,97.71,95.45,96.57,94.83,95.54,96.05,97.73,95.62,96.63,94.86,95.90,96.74,94.67,97.09,97.14,97.25,96.88,96.72,96.20,97.38,96.45,95.74,97.03,97.41,100.00,96.85,97.42,96.60,96.62,97.54,97.15,96.74,94.63,96.64,95.35,97.45,94.46,96.15,93.73,90.94,92.84,96.59,97.27,97.69,96.76,94.25,92.12,92.95,95.82,95.76,94.68,96.10,95.35,93.17,90.67,91.53,93.43,92.04,93.64,90.01,92.38,89.41,88.39,90.80,85.76,83.47,83.16,88.45,85.09,89.81,83.76,80.49,78.25,15.66,81.62,76.51,6.98,65.26,59.89,77.90,79.37,73.30,85.00,72.42,77.15,66.63,66.89,58.74,74.75,66.47,69.31,64.08,56.56,69.90,73.31,74.61,62.89,54.68,64.96
Surah 41,74.06,97.77,96.54,94.19,96.68,95.48,96.30,97.01,97.28,96.94,97.34,96.85,97.05,95.06,96.11,98.07,96.93,96.97,94.66,96.21,97.41,96.04,96.86,96.51,97.32,96.49,96.96,95.15,96.06,97.08,96.02,97.36,96.75,97.12,95.60,96.96,97.16,97.34,96.75,96.85,100.00,96.97,97.68,96.68,97.31,97.56,97.59,94.30,96.08,95.59,97.76,94.67,95.97,94.77,91.56,95.47,95.79,96.71,96.53,96.58,92.69,90.83,92.60,94.86,95.09,94.92,96.54,95.76,93.84,91.73,92.17,94.65,92.09,94.61,91.67,94.36,90.84,90.29,92.60,87.02,84.27,84.04,89.83,85.83,88.56,84.82,79.56,77.27,17.80,83.51,77.36,7.13,65.71,58.67,78.12,80.52,74.58,85.17,71.78,76.64,68.05,65.21,59.63,75.74,65.07,71.17,64.71,56.95,70.08,70.85,74.74,61.10,53.09,64.24
Surah 42,74.44,96.73,97.55,93.60,96.26,95.76,95.33,97.25,96.62,96.97,97.43,96.13,97.99,96.04,95.34,97.10,96.20,96.19,94.88,95.05,96.72,97.42,96.12,97.08,95.73,95.22,96.48,94.53,96.28,97.63,97.05,97.11,96.50,96.99,97.40,96.23,95.35,97.27,97.61,97.42,96.97,100.00,97.13,96.40,97.50,97.74,97.26,94.65,96.08,95.39,97.32,94.48,96.26,94.18,91.73,93.24,97.18,97.07,96.32,96.52,92.93,91.80,92.00,95.52,95.66,93.94,96.64,95.35,92.81,89.85,91.79,93.46,92.05,93.63,89.92,92.84,88.81,88.21,91.48,84.95,82.63,81.97,87.64,83.78,88.54,82.10,80.54,77.85,16.60,80.61,75.64,7.34,64.64,58.97,76.55,78.58,74.03,83.99,71.35,75.11,66.53,65.63,56.78,74.17,64.55,67.68,62.87,54.64,68.63,71.49,72.91,61.43,53.44,64.39
Surah 43,74.39,96.78,96.45,94.63,95.64,96.12,96.09,96.49,95.82,97.22,97.52,97.21,97.38,94.93,96.16,97.33,97.58,96.77,95.30,95.65,97.77,96.36,96.84,96.10,97.27,96.23,96.99,95.51,95.90,97.23,96.56,97.18,97.21,97.67,96.00,97.37,96.74,97.21,96.58,96.60,97.68,97.13,100.00,96.97,96.79,97.36,97.04,94.56,94.93,96.48,97.66,94.94,95.99,94.93,91.77,95.04,96.45,95.81,95.57,95.78,91.72,91.65,92.54,94.58,94.44,94.29,96.91,95.78,94.38,92.04,92.02,95.14,92.43,94.61,91.07,94.94,90.71,90.01,93.11,87.11,85.03,84.15,90.01,86.17,89.00,84.77,81.32,78.16,15.12,83.70,77.84,5.28,66.51,60.87,78.27,80.38,74.77,85.73,72.56,75.72,68.97,66.51,60.02,76.27,66.40,70.64,66.72,55.18,69.80,72.60,75.35,60.89,54.55,66.36
Surah 44,73.14,95.57,96.04,93.80,95.33,94.59,95.87,96.49,95.94,96.39,96.98,96.15,96.40,95.31,96.29,96.96,95.97,96.17,94.75,95.29,96.71,96.38,95.65,95.85,96.34,96.28,96.06,94.55,95.58,96.40,96.00,97.46,96.42,97.09,96.07,97.02,96.81,97.07,95.93,96.62,96.68,96.40,96.97,100.00,96.63,96.20,95.87,93.68,95.24,95.58,97.69,94.85,96.51,95.48,92.36,95.04,95.94,96.04,95.71,95.86,91.40,90.00,91.36,94.34,93.94,93.50,96.61,95.48,93.12,91.34,91.39,93.67,91.70,93.89,89.66,93.47,90.79,90.08,92.20,85.60,83.56,84.19,89.77,85.43,88.05,83.99,79.76,77.09,15.89,81.61,75.90,5.88,65.54,59.01,76.96,78.54,73.87,83.84,71.32,75.97,67.83,65.36,58.11,74.83,64.85,69.35,64.26,55.44,69.47,70.65,73.89,59.19,53.89,64.64
Surah 45,75.80,96.51,97.05,93.76,96.07,96.61,96.04,97.03,97.47,97.86,96.98,96.25,97.92,96.92,95.80,97.73,95.81,96.63,94.79,95.62,96.71,97.51,95.84,96.81,95.58,96.29,96.77,94.30,97.62,97.05,96.94,97.65,96.91,96.14,96.82,96.68,95.94,96.47,97.97,97.54,97.31,97.50,96.79,96.63,100.00,97.49,96.73,94.68,97.17,94.83,97.37,94.55,96.81,93.34,90.86,93.10,96.73,97.72,97.29,96.51,94.47,92.93,94.12,96.18,96.18,94.51,96.77,95.34,92.99,90.30,93.54,94.38,92.52,93.81,90.40,93.50,89.86,88.84,91.29,85.97,83.54,84.31,88.88,85.88,88.75,83.88,81.54,78.89,17.04,81.49,76.35,7.36,65.54,59.93,78.86,79.44,74.00,85.96,72.79,77.90,67.08,67.66,58.47,75.40,66.51,69.59,63.08,57.14,71.30,73.99,74.26,62.36,55.40,66.12
Surah 46,76.58,97.45,97.62,94.01,96.80,95.88,95.65,97.27,97.41,97.40,96.99,96.90,97.61,95.77,96.20,97.42,96.40,96.51,95.26,95.99,96.83,96.74,96.91,97.12,96.20,96.12,97.86,95.83,96.95,97.15,97.15,96.74,96.99,97.23,96.27,96.83,96.84,97.61,97.00,97.15,97.56,97.74,97.36,96.20,97.49,100.00,97.18,94.08,95.57,96.16,97.56,94.94,96.56,94.49,92.36,94.88,96.77,96.76,96.23,96.45,93.63,92.47,93.81,95.36,94.92,95.07,96.91,95.74,93.35,92.52,92.56,94.97,92.20,94.17,91.47,93.74,90.63,90.27,93.00,87.50,84.74,84.67,90.47,86.29,89.74,85.39,81.92,77.77,15.71,84.11,78.43,6.68,67.61,61.66,79.49,80.99,75.56,86.75,72.98,76.41,69.78,66.73,60.66,76.73,65.79,70.92,66.95,56.52,71.79,73.04,75.77,62.63,54.98,66.04
Surah 47,74.46,96.70,96.94,93.33,96.35,94.77,95.68,97.09,96.67,96.96,97.04,96.17,97.05,95.10,95.14,97.09,96.17,96.27,94.05,95.18,96.62,96.54,95.85,96.93,96.36,95.12,96.42,94.12,96.14,96.36,96.58,96.37,96.87,96.54,95.77,96.37,95.69,96.41,96.78,96.74,97.59,97.26,97.04,95.87,96.73,97.18,100.00,94.63,95.83,95.07,96.72,94.13,95.27,94.21,89.80,93.48,96.62,96.83,96.35,96.12,92.56,91.50,92.82,95.12,95.10,94.43,95.75,94.87,92.90,90.33,90.85,93.46,91.89,93.80,90.03,93.45,88.94,88.16,91.44,85.04,83.26,83.22,88.33,84.97,88.21,83.11,79.93,77.77,14.95,81.98,76.35,4.96,64.61,60.09,77.89,80.13,75.19,85.69,72.33,74.65,67.71,65.03,58.42,74.96,65.32,69.56,64.65,55.52,69.24,72.40,74.13,61.60,54.78,65.77
Surah 48,76.09,92.04,94.50,93.34,93.27,94.55,94.60,95.15,94.99,94.49,94.80,92.64,94.31,94.63,92.47,94.46,94.63,95.07,93.21,92.49,93.67,95.53,93.62,94.81,93.76,92.81,93.51,91.91,95.41,93.77,94.71,94.37,96.35,93.32,95.12,93.92,92.55,93.11,94.85,94.63,94.30,94.65,94.56,93.68,94.68,94.08,94.63,100.00,94.98,92.85,94.30,91.00,92.62,90.79,87.10,89.96,94.37,95.29,95.27,94.03,91.51,90.78,90.17,92.56,94.38,92.10,92.88,91.64,91.21,87.71,90.32,92.41,91.09,91.41,85.49,92.98,86.66,86.01,88.52,82.01,82.10,81.33,85.13,83.33,85.55,80.87,79.91,80.73,14.57,78.47,75.21,6.08,62.70,61.59,77.43,77.97,73.37,84.68,73.48,75.51,65.94,68.82,57.45,74.12,67.79,66.81,65.37,54.08,67.90,76.08,74.47,63.89,56.82,67.67
Surah 49,74.41,94.92,96.36,94.00,96.23,94.86,95.36,96.73,97.24,96.57,96.02,95.10,96.83,95.55,93.44,96.80,94.77,95.53,93.66,94.83,95.20,95.62,93.98,96.39,94.45,95.44,94.87,92.76,96.67,95.76,95.14,95.91,96.26,94.42,95.84,94.75,93.74,95.27,97.31,96.64,96.08,96.08,94.93,95.24,97.17,95.57,95.83,94.98,100.00,91.97,95.90,92.88,94.78,90.42,89.18,91.77,94.98,97.68,97.34,97.34,94.46,92.14,92.81,96.01,96.59,94.31,94.86,93.95,91.40,88.10,92.42,92.40,93.09,92.98,89.31,92.69,88.12,86.99,89.19,83.80,82.32,82.38,87.29,84.22,86.61,80.76,79.21,76.88,17.20,78.89,73.86,7.72,64.01,58.43,76.54,78.49,71.49,83.47,70.72,77.25,64.67,64.87,55.96,72.74,63.18,67.18,60.93,56.17,70.74,72.99,71.92,61.78,53.03,63.09
Surah 50,76.02,94.70,95.52,92.22,93.69,96.17,95.66,94.61,94.17,95.79,94.84,95.36,95.46,95.35,96.40,95.63,95.43,95.02,95.09,94.32,96.73,95.65,96.45,94.49,95.46,94.93,96.85,94.73,95.62,95.18,96.01,95.30,95.79,96.52,94.86,96.53,96.58,96.64,93.69,95.35,95.59,95.39,96.48,95.58,94.83,96.16,95.07,92.85,91.97,100.00,96.26,94.93,94.94,95.15,91.39,94.98,95.39,94.01,93.99,93.52,90.63,90.43,91.15,91.81,91.59,93.63,95.16,94.31,94.60,93.24,90.33,93.68,90.64,94.12,90.46,93.31,91.43,90.71,93.65,88.47,85.86,85.06,90.40,86.97,90.71,86.32,83.83,80.40,13.27,85.80,80.48,5.27,68.15,64.02,80.73,81.22,78.34,87.10,75.49,76.84,71.50,70.53,62.30,78.70,68.51,71.45,69.95,56.98,70.41,73.34,77.88,63.78,57.11,68.85
Surah 51,74.62,96.83,96.95,94.29,96.25,96.29,96.69,97.16,97.04,97.49,97.46,97.00,97.52,95.94,97.00,98.13,96.59,96.98,95.52,96.09,97.66,96.83,97.11,96.51,96.76,97.00,97.10,95.56,96.71,97.47,96.78,97.79,97.08,97.15,96.72,97.45,97.38,97.36,96.99,97.45,97.76,97.32,97.66,97.69,97.37,97.56,96.72,94.30,95.90,96.26,100.00,95.35,96.77,95.03,92.62,95.18,96.57,96.82,96.43,96.59,92.57,91.17,92.74,94.76,95.04,94.49,96.81,96.02,93.87,92.01,92.63,94.45,92.06,94.48,90.90,93.66,91.08,90.12,92.85,86.82,84.55,84.61,90.03,85.98,89.32,84.97,80.67,78.82,15.81,82.88,77.47,6.00,66.33,59.91,78.90,80.09,74.05,85.06,72.09,76.34,68.80,66.69,59.24,75.68,66.11,70.43,65.83,56.74,70.93,71.82,74.94,60.60,54.36,65.09
Surah 52,75.52,94.98,94.53,91.93,93.60,94.29,94.36,95.17,93.74,95.31,93.53,94.02,94.94,93.87,94.98,95.41,93.81,93.78,93.08,93.20,95.92,94.04,94.32,93.95,94.27,93.93,95.42,93.41,94.36,94.07,94.74,94.95,94.18,94.56,93.46,94.97,95.25,95.46,94.03,94.46,94.67,94.48,94.94,94.85,94.55,94.94,94.13,91.00,92.88,94.93,95.35,100.00,94.13,93.12,91.60,94.38,94.06,94.41,94.32,94.52,92.70,91.93,94.15,94.30,92.89,94.79,95.48,96.59,94.33,94.32,92.61,93.91,92.33,95.68,92.82,93.41,93.44,92.17,94.90,89.98,86.81,87.54,93.16,88.64,91.07,85.97,83.87,81.08,13.02,85.15,80.83,3.80,70.85,64.75,80.49,83.67,76.67,87.15,75.48,77.49,72.06,68.70,61.87,78.60,68.88,72.07,68.30,57.84,73.75,73.10,76.87,64.38,57.05,68.12
Surah 53,72.87,95.28,95.66,92.24,94.46,95.21,95.35,95.67,95.49,96.34,95.97,95.61,96.42,94.61,96.51,96.31,94.93,96.23,94.74,96.10,96.57,96.03,95.21,94.54,95.38,96.47,96.34,95.14,95.84,95.92,95.19,96.82,95.39,95.97,95.49,96.63,96.04,96.68,96.36,96.15,95.97,96.26,95.99,96.51,96.81,96.56,95.27,92.62,94.78,94.94,96.77,94.13,100.00,93.80,91.73,94.77,95.11,95.69,95.46,95.23,92.40,90.47,91.54,93.87,94.07,94.10,96.04,95.29,92.87,90.45,91.80,93.79,90.70,93.97,90.54,92.64,89.77,88.58,92.31,86.55,83.88,84.04,89.20,85.60,87.81,84.00,81.02,78.17,16.95,80.92,76.96,7.46,67.52,59.57,77.58,79.04,73.50,83.67,72.86,77.45,67.84,66.37,58.08,75.62,65.45,68.80,63.17,56.62,71.28,71.38,74.89,60.58,52.95,64.08
Surah 54,72.38,93.83,94.51,90.45,93.15,92.66,92.67,93.92,93.10,93.75,93.90,94.13,94.14,92.78,94.42,94.01,93.59,93.65,92.36,93.01,94.93,94.15,94.41,93.86,94.05,93.49,94.03,93.21,92.86,94.09,94.27,94.54,93.79,95.10,93.53,95.00,94.82,96.02,92.93,93.73,94.77,94.18,94.93,95.48,93.34,94.49,94.21,90.79,90.42,95.15,95.03,93.12,93.80,100.00,90.46,94.37,93.96,92.44,92.51,92.33,88.37,86.48,88.26,90.84,90.80,91.45,94.52,93.08,92.35,90.54,88.28,91.79,88.77,92.06,88.62,92.08,89.41,88.68,91.40,84.84,82.74,82.51,87.89,84.47,87.76,84.69,79.19,77.33,14.20,82.36,77.58,5.02,64.88,59.28,77.11,78.78,74.75,83.13,72.20,73.79,69.67,65.93,59.84,76.22,66.71,69.26,66.28,55.17,68.09,69.64,74.80,59.29,54.10,65.69
Surah 55,70.54,92.35,91.86,89.01,91.25,90.19,89.97,90.58,90.14,91.54,91.18,90.97,91.84,89.54,91.59,92.10,90.68,89.42,89.34,90.28,92.84,90.62,92.07,91.20,90.67,91.71,91.91,90.78,90.74,92.04,90.80,91.65,90.53,92.97,90.18,91.27,92.50,93.25,89.87,90.94,91.56,91.73,91.77,92.36,90.86,92.36,89.80,87.10,89.18,91.39,92.62,91.60,91.73,90.46,100.00,92.52,90.43,90.90,89.30,91.21,87.11,86.33,87.13,89.75,88.98,89.08,92.22,91.12,89.86,89.24,87.85,88.68,86.60,90.23,87.94,88.46,88.40,87.19,90.14,84.71,82.76,81.84,87.95,82.97,85.87,81.02,78.42,73.72,14.23,81.12,75.70,5.62,66.70,58.17,74.84,77.71,72.35,80.88,68.82,72.72,69.22,62.31,57.34,73.91,60.27,66.85,63.82,53.32,67.26,65.67,70.94,57.88,52.18,61.79
Surah 56,73.63,95.29,93.95,92.19,94.42,93.54,93.77,93.70,93.56,94.13,93.77,94.48,93.99,91.41,95.63,95.16,93.82,93.54,92.54,93.36,95.77,92.35,95.65,93.51,94.84,95.42,95.20,94.30,92.96,93.86,92.87,94.09,93.84,95.01,92.37,95.34,96.74,95.82,92.72,92.84,95.47,93.24,95.04,95.04,93.10,94.88,93.48,89.96,91.77,94.98,95.18,94.38,94.77,94.37,92.52,100.00,93.34,92.93,92.38,93.76,88.79,88.36,90.67,91.39,91.00,93.13,94.70,94.91,93.51,93.52,89.99,92.73,90.67,94.46,92.01,93.05,92.48,91.48,93.37,88.61,86.23,85.39,92.43,87.83,87.87,85.51,80.28,76.22,13.17,85.63,79.26,3.91,68.76,61.17,79.05,82.00,75.92,84.19,72.08,76.15,72.81,65.43,61.39,77.67,64.10,71.59,68.59,57.39,71.69,69.36,75.41,60.64,54.44,65.74
