,Surah 1,Surah 2,Surah 3,Surah 4,Surah 5,Surah 6,Surah 7,Surah 8,Surah 9,Surah 10,Surah 11,Surah 12,Surah 13,Surah 14,Surah 15,Surah 16,Surah 17,Surah 18,Surah 19,Surah 20,Surah 21,Surah 22,Surah 23,Surah 24,Surah 25,Surah 26,Surah 27,Surah 28,Surah 29,Surah 30,Surah 31,Surah 32,Surah 33,Surah 34,Surah 35,Surah 36,Surah 37,Surah 38,Surah 39,Surah 40,Surah 41,Surah 42,Surah 43,Surah 44,Surah 45,Surah 46,Surah 47,Surah 48,Surah 49,Surah 50,Surah 51,Surah 52,Surah 53,Surah 54,Surah 55,Surah 56,Surah 57,Surah 58,Surah 59,Surah 60,Surah 61,Surah 62,Surah 63,Surah 64,Surah 65,Surah 66,Surah 67,Surah 68,Surah 69,Surah 70,Surah 71,Surah 72,Surah 73,Surah 74,Surah 75,Surah 76,Surah 77,Surah 78,Surah 79,Surah 80,Surah 81,Surah 82,Surah 83,Surah 84,Surah 85,Surah 86,Surah 87,Surah 88,Surah 89,Surah 90,Surah 91,Surah 92,Surah 93,Surah 94,Surah 95,Surah 96,Surah 97,Surah 98,Surah 99,Surah 100,Surah 101,Surah 102,Surah 103,Surah 104,Surah 105,Surah 106,Surah 107,Surah 108,Surah 109,Surah 110,Surah 111,Surah 112,Surah 113,Surah 114
Surah 1,99.99994,72.28972,76.657104,75.25953,74.87087,77.05041,74.47698,75.54616,77.09742,75.86327,73.88504,73.813065,75.34438,76.48248,74.879524,74.71824,74.243546,75.39233,75.5412,73.15313,73.950806,76.28856,75.89663,75.39224,72.43839,73.59018,75.96736,72.49694,77.10275,72.60574,78.03284,73.23856,76.706604,72.28242,75.68363,75.552864,74.58651,73.40408,75.583565,75.33642,74.06413,74.43559,74.391785,73.13943,75.795944,76.57526,74.461555,76.089195,74.4116,76.01611,74.62351,75.52426,72.8705,72.37852,70.53767,73.63317,75.52279,75.59564,75.19848,75.425316,79.54956,83.475395,81.74772,79.05243,77.75976,77.563065,75.32145,77.913666,80.49516,77.952835,78.91271,76.82609,81.1499,79.247635,79.08321,77.616196,79.553314,80.369255,79.77365,81.65023,84.456184,85.24907,77.08442,84.57151,85.30558,84.533325,85.69926,79.73731,3.8984668,82.93164,85.46725,-0.29540458,73.85749,81.34461,87.99021,84.276405,84.69391,85.73894,84.9335,82.57157,79.78607,78.12856,76.61098,84.07707,78.491325,79.86615,80.546844,70.82369,81.11778,87.613594,83.30698,83.03536,75.84031,83.43127
Surah 2,72.28972,99.999985,96.468994,93.17281,96.83401,94.52038,94.886246,96.37651,95.96431,96.39692,96.33649,96.34857,97.19741,93.94922,95.623795,97.48626,95.593094,95.53492,93.39445,95.06581,96.74954,95.48322,96.57737,96.20761,96.08052,95.70247,96.75738,94.98931,95.224045,97.01101,95.70584,96.47317,95.873795,96.97951,94.96726,95.90251,96.84655,97.28752,95.985886,96.00164,97.76728,96.7258,96.7848,95.574684,96.51226,97.44736,96.699104,92.036415,94.91853,94.69538,96.827385,94.97745,95.280426,93.82693,92.350784,95.29321,95.71981,95.56288,95.39715,96.03668,92.39828,90.28961,92.343285,94.87641,94.18204,94.67693,96.76646,95.02489,92.60394,92.26478,91.41253,93.802246,91.57871,93.75933,91.9611,93.4541,90.89719,90.2659,92.24928,86.53242,83.44288,83.3054,90.92858,84.84652,87.69882,83.21918,78.49706,74.39975,18.694569,83.02708,76.32851,8.4099245,66.31356,57.293312,76.0343,79.93633,72.86887,83.83586,68.91785,74.0359,67.77818,61.786926,58.757668,74.95893,60.980427,69.4775,63.627647,55.323822,70.10651,67.62291,72.517494,58.832527,51.672806,62.36606
Surah 3,76.657104,96.468994,100.000015,93.711044,97.113365,95.96568,95.099335,97.12698,96.98034,96.81608,96.27048,96.31559,97.413086,96.71468,95.09264,97.12308,95.48404,95.950806,94.70297,95.17927,96.430954,96.953064,96.03598,97.593864,95.08745,95.41846,96.70588,94.69863,97.240074,96.553566,97.32348,95.71394,96.75712,96.17894,96.271805,96.21842,95.62036,97.24771,97.274666,97.674545,96.543045,97.54814,96.449844,96.04277,97.04793,97.62278,96.93504,94.50112,96.363434,95.51925,96.95492,94.529945,95.66112,94.51367,91.85957,93.949585,96.67798,97.16866,96.33598,96.301636,94.29696,92.14783,92.9483,95.902725,95.64236,95.04886,96.15021,94.9271,93.39192,91.15004,91.741936,93.70132,92.75939,93.929955,90.8356,93.251076,90.3695,89.01028,91.78637,86.26544,84.14697,84.5274,89.404366,86.26546,89.436165,84.20401,81.96565,78.35709,15.723125,82.78159,77.311775,6.7654805,65.39696,61.408073,79.15375,80.793335,75.532684,86.881485,73.09046,76.73676,69.04191,66.48907,59.48573,75.77851,66.16338,69.6393,65.18083,56.762703,71.25856,73.80853,74.59165,63.155514,56.250565,66.623695
Surah 4,75.25953,93.17281,93.711044,100.00002,95.16385,92.66263,94.82254,93.852066,94.50883,94.81858,94.66901,94.59896,94.08165,91.84034,92.5586,95.38948,95.54026,94.69074,93.67818,92.45888,93.472084,93.229004,94.22932,94.826416,94.32468,93.0519,93.30179,91.459274,93.817566,93.85329,93.60808,94.10417,95.8531,93.75185,94.47858,93.975174,93.682274,93.99467,93.84888,93.56597,94.19305,93.60119,94.63461,93.79773,93.757675,94.01274,93.32988,93.33617,94.00454,92.21667,94.29227,91.92646,92.23799,90.44796,89.01122,92.19442,93.06732,94.64153,93.546844,95.111664,89.64979,90.14794,91.08542,93.30828,94.04644,93.31327,93.71022,92.98752,92.82148,90.87658,91.63809,93.72216,93.30716,92.984886,88.767334,93.29853,88.20153,90.06575,90.43,85.9105,83.17949,82.50023,87.13887,84.856,87.00571,82.52107,79.36694,76.27187,14.640866,81.03625,75.846146,5.965071,65.7373,61.009533,76.39153,79.424706,72.10016,84.59434,71.646324,76.82353,68.94505,65.00256,58.42287,74.51474,62.961662,67.75267,63.82755,55.595303,69.93373,72.57778,73.53812,62.598736,55.05561,64.77433
Surah 5,74.87087,96.83401,97.113365,95.16385,100.0,94.427155,95.01297,96.93292,97.034836,96.37415,95.857925,96.23014,96.80336,94.73796,94.47618,97.46967,95.63156,96.14376,93.70882,94.612755,95.345894,95.364784,95.82449,97.26444,95.3261,95.40005,95.868195,94.59539,95.81227,96.11181,95.85268,95.18565,96.6839,95.93062,96.01145,95.692856,95.76996,96.71761,96.50526,96.368576,96.675095,96.264786,95.63654,95.330696,96.070564,96.79836,96.351364,93.27453,96.23134,93.68802,96.25085,93.60253,94.464584,93.14829,91.24576,94.41983,95.68366,96.88203,96.05082,97.41636,92.39625,90.618126,92.890465,95.37916,95.59546,95.063034,95.1909,94.776985,92.388824,91.45733,91.04177,93.77476,92.824265,93.697296,90.48436,93.19658,89.29938,89.43787,90.69898,85.87584,82.80959,82.71883,88.89361,84.66479,87.69301,83.00144,78.999,74.3,14.861059,82.47741,75.956795,5.5088496,65.53518,58.704144,77.064476,78.92041,72.57515,84.707794,69.48416,75.09421,67.92655,62.997173,59.007217,74.19095,62.005848,69.443855,63.915657,55.969387,71.22538,70.640686,72.54812,60.27669,53.251575,62.988136
Surah 6,77.05041,94.52038,95.96568,92.66263,94.427155,99.999985,95.41933,95.33331,95.550415,96.886284,95.38644,95.24145,96.51389,96.471825,95.89007,96.09973,95.11124,95.397316,94.568375,94.15099,96.75666,95.81928,96.141075,94.798454,94.17877,95.95782,96.789635,94.47775,96.9069,95.54625,95.87182,95.459175,96.166885,94.6127,95.75764,96.10321,95.43077,95.269035,96.04742,96.004234,95.48002,95.757614,96.116196,94.58687,96.61491,95.87798,94.76612,94.54926,94.86088,96.17053,96.28535,94.29262,95.21107,92.659706,90.19152,93.536316,95.522705,95.809616,95.86472,94.87502,92.98189,93.110306,93.55154,94.003174,93.99519,93.94557,95.560036,94.21064,93.91574,91.62461,92.42283,93.98,91.36052,94.13309,90.56784,93.2099,90.68336,88.851616,91.83253,87.88036,85.91074,84.77117,90.26695,87.172005,89.61848,84.90085,83.60514,80.89483,14.611365,84.30021,79.303986,6.008526,67.52522,63.391598,81.08967,81.451385,75.29608,86.90971,74.91255,77.4238,69.73786,71.078995,60.504097,77.46292,68.67717,70.290665,68.25813,57.186462,72.26671,75.8381,76.342964,64.84351,58.049564,68.57195
Surah 7,74.47698,94.886246,95.099335,94.82254,95.01297,95.41933,99.99996,95.54492,95.85097,96.46267,96.194336,96.05726,95.865105,95.34457,96.115456,97.02981,96.710815,96.79023,95.920204,95.85615,96.540215,95.85012,96.07126,95.31439,96.17858,96.05437,96.478485,94.37218,96.220924,95.471504,95.57181,96.568474,96.65246,95.5295,94.988365,96.66346,96.39956,95.60777,95.45769,95.6453,96.30385,95.32685,96.09314,95.86722,96.04444,95.64692,95.68468,94.596596,95.359764,95.65652,96.687164,94.35546,95.35156,92.67356,89.9663,93.77386,94.906166,95.714584,96.69263,95.67956,93.22618,91.89018,93.078545,94.174675,94.57747,95.86287,95.68937,94.80405,94.477554,92.445305,93.851425,95.01143,93.42261,94.604805,91.075645,94.551315,91.18766,90.89236,92.5347,87.92312,84.44004,84.80684,89.87668,86.49512,89.36897,85.146065,82.27062,80.4875,14.269993,83.33627,77.64875,5.1876674,67.65818,62.467564,79.81119,80.163994,74.951706,86.20732,73.90695,78.53668,69.18812,69.27793,59.7838,76.3183,67.52124,70.49364,65.7806,57.933468,72.10397,74.00612,76.89262,61.936504,57.148106,67.895905
Surah 8,75.54616,96.37651,97.12698,93.852066,96.93292,95.33331,95.54492,99.99993,97.73564,97.1017,96.887695,95.64273,97.4985,96.00319,95.38604,97.49256,95.72536,96.940544,93.79823,94.70302,96.23857,97.27788,95.51831,97.05505,95.4677,95.4059,96.30468,94.777916,96.73,96.66795,97.03187,96.70817,97.30057,95.97777,96.957985,96.38385,95.84155,96.51607,97.75133,97.50847,97.00512,97.24738,96.48613,96.48699,97.03221,97.26946,97.092834,95.14579,96.73076,94.60527,97.1605,95.17204,95.67456,93.91825,90.58297,93.70375,96.49526,97.78319,97.11765,97.40082,93.14828,92.08757,93.10687,95.84777,95.65499,94.49759,96.13609,95.672905,92.447975,91.11369,91.53065,94.16391,92.276085,94.366035,90.0935,93.26206,89.894875,88.823105,91.2526,85.66763,83.65057,83.27012,88.76106,85.35119,88.37514,83.81545,80.066154,77.76657,15.320262,80.939926,76.17851,6.0517006,65.813156,60.133415,78.19147,80.38316,73.6789,84.61617,72.221306,75.59693,68.20854,65.983795,59.00916,75.75649,65.86732,69.3608,65.193275,56.79675,69.74303,73.017914,73.32772,62.704514,55.42556,66.08578
Surah 9,77.09742,95.96431,96.98034,94.50883,97.034836,95.550415,95.85097,97.73564,100.000015,96.98735,96.88681,96.12851,96.957695,96.147606,95.022675,97.43956,95.626686,96.77646,93.8971,95.10802,95.7894,96.598564,95.33171,96.684525,95.33404,95.583,96.38886,94.531456,97.07538,96.74413,96.15434,96.37301,97.364655,95.47073,96.61912,96.01146,95.5802,96.3615,97.54475,97.01861,97.281006,96.616455,95.82458,95.93825,97.46828,97.408936,96.6713,94.99233,97.23769,94.17454,97.04262,93.736115,95.49188,93.09766,90.14013,93.56012,96.06146,97.77045,97.73468,97.38585,93.83361,92.341545,93.98301,96.1167,96.17082,94.78731,95.27132,94.94356,92.0434,90.97387,92.41124,93.595726,92.911964,93.97256,90.50057,93.170456,89.80772,88.89952,91.275856,85.911865,83.56475,84.01282,88.9146,85.868546,88.79845,84.69959,80.441795,77.55176,15.209392,81.670364,77.060104,6.4778337,66.189926,60.693825,78.9275,80.223724,74.40448,85.586754,72.17441,77.1286,67.95628,66.77572,59.588455,75.127,65.565285,70.23353,64.77015,57.28265,71.99377,73.9328,74.53688,62.814476,54.73755,65.561104
Surah 10,75.86327,96.39692,96.81608,94.81858,96.37415,96.886284,96.46267,97.1017,96.98735,99.999985,96.90852,96.84823,98.15953,96.64145,96.428734,97.86539,96.38118,97.13463,95.226616,95.401215,96.97339,97.212585,96.492096,96.64076,96.14197,96.185776,97.56779,94.764824,97.436615,97.32098,97.17126,97.60202,97.629395,96.77822,96.97635,96.81562,96.26596,96.93874,97.48989,97.356094,96.935745,96.97067,97.21567,96.38863,97.857925,97.404686,96.95956,94.49468,96.56509,95.79435,97.48746,95.311874,96.33632,93.754974,91.53655,94.13093,96.53878,97.3814,97.1197,96.787415,93.6223,93.71959,94.54306,95.93707,95.55221,94.79326,96.885704,95.869225,93.909836,92.76244,93.1009,95.24489,92.973335,95.38191,91.03688,94.22476,90.408646,90.20382,92.59746,87.31457,84.922615,84.620026,90.20674,86.81334,90.133804,84.38771,82.21771,79.074104,15.024106,82.500595,77.94161,5.9990034,66.55289,61.18548,79.26936,81.038376,73.62382,86.19746,74.00313,77.068535,68.52083,67.98353,59.695393,75.9826,67.077675,69.88243,65.69586,56.231903,71.276764,74.24596,74.85506,63.21957,55.931854,66.54106
Surah 11,73.88504,96.33649,96.27048,94.66901,95.857925,95.38644,96.194336,96.887695,96.88681,96.90852,99.99998,96.61709,97.057594,94.64463,95.48126,97.56199,97.169426,97.077576,94.57963,95.407715,96.64853,96.75607,95.662476,96.31044,96.932724,95.444885,96.06229,94.158554,95.798386,97.64883,96.37172,97.588524,96.98673,97.04171,97.139366,96.57189,96.00243,96.552666,97.23836,96.88685,97.339264,97.43487,97.516556,96.98147,96.98096,96.99156,97.039604,94.80459,96.02092,94.83943,97.459,93.53403,95.97345,93.8974,91.17789,93.76624,96.66106,96.38557,96.35687,96.36017,91.53486,90.99487,91.830444,95.223076,95.58626,93.61278,96.9257,95.54641,93.17501,90.368965,91.820564,94.027306,92.78429,94.098976,89.58134,94.32687,88.8299,88.64794,91.3069,84.99585,83.12349,82.705475,88.51029,84.6775,88.03451,83.35458,78.7866,77.704,18.479467,80.89383,75.16906,8.614603,64.91164,58.710354,76.98849,78.78888,73.91232,83.363815,71.68662,75.66865,67.19277,65.603935,58.141933,74.99179,64.79643,69.10981,63.860466,55.587543,68.38802,72.01392,74.084915,61.376022,53.351955,64.358444
Surah 12,73.813065,96.34857,96.31559,94.59896,96.23014,95.24145,96.05726,95.64273,96.12851,96.84823,96.61709,99.99998,96.826324,94.61685,95.47652,97.043076,97.01642,96.33801,96.042046,96.69088,96.70948,95.39889,96.075806,95.8371,96.57169,96.527435,96.84319,96.33491,95.82383,96.44152,95.80597,96.274315,96.50801,96.65907,95.07324,96.91925,96.19268,97.238655,96.00527,96.23342,96.85147,96.13125,97.208374,96.14609,96.24502,96.90386,96.17185,92.64178,95.10031,95.35894,97.00431,94.017525,95.61229,94.13215,90.965126,94.480965,95.235275,95.38784,95.474945,96.12574,91.956116,90.233376,92.65075,94.63448,94.45644,95.26599,95.723465,95.33962,93.52247,91.51512,91.58712,94.32808,92.388054,93.892654,91.98381,93.57897,90.052666,89.84131,92.39102,87.44323,83.629875,83.43676,89.14453,85.59025,88.71059,84.72632,80.04133,75.79268,15.480752,83.51907,77.425674,5.6547976,66.866806,59.28449,78.54777,80.436226,74.03072,85.50692,70.94291,75.75178,68.77619,64.63957,60.69206,75.61693,63.676514,71.094765,64.78511,57.431377,70.721825,71.39673,74.90781,60.774673,52.670925,63.807915
Surah 13,75.34438,97.19741,97.413086,94.08165,96.80336,96.51389,95.865105,97.4985,96.957695,98.15953,97.057594,96.826324,100.00002,96.172226,96.1685,98.13116,96.35877,96.45381,94.42582,95.825935,97.02643,97.531,96.03263,96.63311,95.97526,96.38666,97.2674,95.25497,96.945366,97.66545,97.25171,97.14371,97.20841,96.85953,97.17912,96.970535,96.05595,97.46896,97.93734,97.833786,97.04621,97.986374,97.3767,96.401794,97.91537,97.613144,97.05343,94.30584,96.83308,95.45511,97.51542,94.93919,96.41669,94.14272,91.844894,93.99481,96.952965,97.22313,97.126045,96.94103,93.31491,92.69315,93.1861,96.02211,95.673355,94.56466,96.910866,95.43005,93.31355,91.499146,92.06908,94.24896,92.38276,94.39005,90.83822,93.71294,89.396034,89.26708,91.77407,86.26374,84.07354,83.571884,88.94881,85.40683,89.288055,83.931114,81.07003,77.66785,17.085773,81.87412,76.66349,8.069339,65.75572,59.4025,78.11232,79.78678,73.207985,84.943924,72.28376,76.309845,67.86145,66.09627,58.89367,75.783966,65.31196,69.70745,64.785706,56.24824,70.30537,72.7231,74.14673,62.276234,54.19122,65.5654
Surah 14,76.48248,93.94922,96.71468,91.84034,94.73796,96.471825,95.34457,96.00319,96.147606,96.64145,94.64463,94.61685,96.172226,99.999985,94.960724,95.885956,94.001305,95.0394,93.87037,93.86372,95.62708,97.18994,94.83745,95.53935,93.06904,94.74548,95.89374,93.37358,97.82474,95.3503,96.985565,95.46703,96.313774,94.68947,96.36442,95.612404,94.19683,95.37955,96.020164,97.279335,95.059814,96.0369,94.92508,95.307335,96.92046,95.76595,95.09583,94.63302,95.55121,95.3531,95.94304,93.8716,94.60528,92.78081,89.54147,91.41146,95.186386,96.72074,97.18199,95.25118,94.5857,92.57673,92.98768,94.49974,94.44839,93.76211,94.646355,93.65617,92.6685,90.08141,92.24959,92.522964,90.95002,92.3668,88.70651,91.56027,89.72633,87.69563,89.93593,85.40118,83.40091,84.1203,88.315796,85.899536,89.702866,83.369225,82.7159,81.50345,14.098188,82.16425,77.900734,6.275491,66.000916,62.70415,80.48981,79.441956,74.81982,86.99404,74.86402,78.10584,67.31565,70.41416,59.969036,75.86784,70.50569,69.967995,65.69859,57.497112,71.32872,75.41056,76.23291,63.81947,58.318363,68.16518
Surah 15,74.879524,95.623795,95.09264,92.5586,94.47618,95.89007,96.115456,95.38604,95.022675,96.428734,95.48126,95.47652,96.1685,94.960724,100.0,96.42159,95.27145,95.83525,94.512115,94.91169,96.74171,95.613266,96.61635,94.43062,95.28265,96.85095,96.86409,95.69327,95.09697,95.59059,95.252525,96.53721,95.744255,96.03336,95.206085,97.207115,97.09137,96.18245,95.23906,95.964066,96.106415,95.33903,96.15668,96.29109,95.79735,96.203835,95.14045,92.46953,93.43803,96.398476,97.003235,94.97836,96.510376,94.41773,91.58561,95.6311,95.45263,94.67482,95.68914,94.96481,91.056046,90.26161,91.97762,92.95429,92.80661,94.59932,95.68448,95.14451,93.364105,92.55151,91.53501,94.13799,90.77325,94.45959,89.94785,93.34024,91.06191,90.20766,92.40279,88.013245,85.17654,85.02937,90.98475,86.88978,89.34385,85.562065,81.22929,78.42901,13.034399,83.97222,78.5613,4.055427,68.2486,62.163662,79.05436,80.52803,74.67648,86.11391,74.54331,76.392784,69.80916,67.71062,61.470394,77.63226,66.6826,71.50903,67.223656,57.23213,71.50005,71.98154,76.30154,62.399876,55.85524,67.22543
Surah 16,74.71824,97.48626,97.12308,95.38948,97.46967,96.09973,97.02981,97.49256,97.43956,97.86539,97.56199,97.043076,98.13116,95.885956,96.42159,99.99999,96.75763,97.1924,94.85753,96.17335,97.043106,97.18123,96.60634,97.11204,96.80898,96.594284,97.268745,95.21079,96.983406,97.577515,96.99461,97.68098,97.33788,97.00191,96.91042,97.18281,97.19488,97.38733,97.38922,97.70593,98.07395,97.10083,97.32879,96.95737,97.73061,97.41863,97.09022,94.45558,96.802124,95.63061,98.12656,95.408905,96.31393,94.01375,92.10395,95.16086,96.62533,97.397026,97.25221,97.26165,93.351105,91.852516,93.862595,95.79724,95.918945,95.17349,96.82482,96.28178,94.185585,92.85622,92.46069,94.5916,93.138695,94.6853,91.62938,94.19577,90.82158,90.59724,92.39638,87.42244,84.69894,84.58335,90.451675,86.46688,89.45104,84.90151,80.40726,77.48591,16.629025,83.444275,77.18758,6.915445,66.289505,59.275173,78.795166,80.41325,74.012184,85.48989,71.99158,77.123085,68.70898,66.084656,59.744095,76.13089,65.139626,70.65119,65.488495,57.22138,71.02484,72.1812,74.68637,61.827015,54.339592,65.07274
Surah 17,74.243546,95.593094,95.48404,95.54026,95.63156,95.11124,96.710815,95.72536,95.626686,96.38118,97.169426,97.01642,96.35877,94.001305,95.27145,96.75763,99.999985,96.86853,95.16625,95.69249,96.53647,95.50998,96.093475,95.90224,97.73964,95.35055,95.974106,95.11342,95.24527,96.12139,95.64181,96.573395,96.59937,96.9063,95.35922,96.57728,95.74591,96.51954,96.08659,95.45303,96.92804,96.202324,97.58328,95.9679,95.813,96.40038,96.171585,94.62582,94.77471,95.4346,96.593666,93.81339,94.93152,93.593994,90.68121,93.81931,94.926765,95.19881,95.34692,95.47873,90.81173,90.557175,91.53725,93.74799,94.75178,94.64708,95.65652,94.58129,93.85944,91.35756,92.52416,94.968254,93.11629,94.16399,90.382805,95.63901,89.677345,90.3532,92.468994,86.36105,83.61228,82.89273,88.278915,85.127815,88.24012,83.63204,80.14442,77.40856,15.29007,82.42736,76.664696,5.7096944,65.86638,60.050537,77.65758,80.07375,73.72281,85.55714,72.00432,75.29295,68.458595,65.5794,58.9464,74.98023,63.973244,69.08539,64.9221,54.698036,69.4578,72.06125,74.43552,60.418785,53.25411,64.337715
Surah 18,75.39233,95.53492,95.950806,94.69074,96.14376,95.397316,96.79023,96.940544,96.77646,97.13463,97.077576,96.33801,96.45381,95.0394,95.83525,97.1924,96.86853,99.999954,95.481766,95.79946,96.13504,96.602844,95.65481,95.62017,96.71074,95.58829,96.28232,94.69429,95.97327,96.608696,96.23528,97.20881,97.41577,96.206345,96.45073,96.56811,95.9542,96.09809,96.75658,96.57133,96.967384,96.193146,96.766075,96.16774,96.63226,96.514496,96.27155,95.06883,95.52839,95.02456,96.98419,93.777,96.230934,93.65072,89.41548,93.537735,95.68622,96.14712,97.02843,96.09986,92.347916,90.69226,92.9502,94.4403,95.73369,94.6936,95.9799,94.8725,93.408676,91.286736,91.97163,95.55733,92.739136,94.03151,89.78566,94.774345,88.99737,89.205154,91.486534,86.08762,83.395996,83.16943,88.19965,85.23985,88.14772,84.802536,79.77872,78.49964,15.733126,81.55374,76.559326,5.5765142,65.71301,59.951984,77.90101,78.83888,73.8768,85.0981,73.30898,76.94671,67.67992,66.95075,59.26938,75.36332,66.09212,69.65548,64.34911,56.64127,69.70565,73.43691,74.74854,61.884163,55.145233,65.16405
Surah 19,75.5412,93.39445,94.70297,93.67818,93.70882,94.568375,95.920204,93.79823,93.8971,95.226616,94.57963,96.042046,94.42582,93.87037,94.512115,94.85753,95.16625,95.481766,100.000015,96.29989,94.92655,94.64625,95.43341,94.123146,94.99899,95.4589,95.79201,94.89084,94.69502,93.8645,94.85912,94.97043,95.46316,94.53911,94.12821,95.25353,95.29722,95.04672,94.39078,94.83495,94.66489,94.88441,95.298355,94.74932,94.79275,95.26463,94.04707,93.2064,93.657875,95.08624,95.52279,93.08253,94.74062,92.363434,89.34464,92.53715,93.67826,93.8956,93.98962,93.69789,91.7731,90.638374,91.60661,92.327995,94.1067,95.09753,95.05172,93.54766,93.57485,90.42547,93.2703,94.629616,92.85127,93.036125,90.61703,93.27372,89.55062,90.01153,92.49077,86.8689,84.16046,84.54909,87.77831,85.372,88.71472,84.60863,83.4833,78.79099,16.453407,83.2398,78.36517,7.640362,67.64244,62.887447,78.977486,80.80148,76.3897,85.36553,73.79329,78.318474,69.90685,68.022446,59.75818,76.73013,66.403114,69.88646,65.44382,57.438873,71.83584,73.766365,76.935036,62.772537,56.333393,67.2651
Surah 20,73.15313,95.06581,95.17927,92.45888,94.612755,94.15099,95.85615,94.70302,95.10802,95.401215,95.407715,96.69088,95.825935,93.86372,94.91169,96.17335,95.69249,95.79946,96.29989,100.00002,95.53352,94.598946,94.99119,94.43031,95.90746,97.27147,96.06573,96.27089,95.07717,94.573044,94.9988,95.49457,95.164856,95.5002,93.813255,95.68271,95.35839,96.27125,95.122086,95.53852,96.21242,95.05227,95.65086,95.293304,95.61846,95.99443,95.184685,92.48781,94.82934,94.317345,96.08878,93.20015,96.09835,93.01392,90.27878,93.35573,93.60381,94.46503,95.106346,94.74903,92.34317,89.486916,91.63481,93.15725,94.53392,95.11417,95.10261,94.07613,93.47173,90.29913,92.61675,94.29602,91.85356,93.22456,91.64763,93.46752,89.737236,89.1706,92.66887,86.265114,84.009125,84.51126,88.37134,85.209045,88.205444,84.6562,81.49794,77.36792,18.402311,83.04072,77.10863,8.864496,66.9392,60.063763,77.49417,80.748405,75.16424,84.56217,71.61711,76.969406,68.492485,64.90584,59.420223,76.254776,64.5883,70.58427,63.515057,57.59063,71.606804,71.68249,75.53715,59.555065,53.57965,65.37941
Surah 21,73.950806,96.74954,96.430954,93.472084,95.345894,96.75666,96.540215,96.23857,95.7894,96.97339,96.64853,96.70948,97.02643,95.62708,96.74171,97.043106,96.53647,96.13504,94.92655,95.53352,99.99999,95.87052,96.7393,95.80659,96.81204,96.782585,97.10865,95.6376,96.476875,96.65936,96.13554,97.36544,96.26288,97.02231,95.56613,97.43231,96.97518,97.22575,96.22374,96.05008,97.406,96.71978,97.771866,96.70932,96.70828,96.82837,96.620285,93.66998,95.20255,96.730896,97.65886,95.92031,96.56967,94.93217,92.844215,95.773094,96.018234,95.81402,95.66927,95.75758,92.32025,91.20223,92.89486,94.14245,94.014015,94.45643,96.678444,95.84683,94.34302,92.48964,92.44548,94.94046,91.983955,95.31279,91.91683,94.49012,91.79424,90.56385,93.30853,87.701294,85.02521,84.37427,91.16057,86.80191,89.18499,84.761986,81.52881,79.25866,14.251569,84.057144,78.20251,4.8245482,67.50401,60.540092,79.25609,80.55003,74.96185,85.77641,73.33043,76.67848,69.17881,67.36807,60.119213,76.40231,66.15237,70.43462,66.49548,56.974567,71.21257,71.55201,75.455444,61.224716,54.63981,65.9269
Surah 22,76.28856,95.48322,96.953064,93.229004,95.364784,95.81928,95.85012,97.27788,96.598564,97.212585,96.75607,95.39889,97.531,97.18994,95.613266,97.18123,95.50998,96.602844,94.64625,94.598946,95.87052,100.0,95.63255,96.69012,94.71769,94.63178,96.535126,94.295906,97.5692,96.86818,97.64712,97.10371,97.23828,96.25236,97.62569,96.23343,95.64602,96.177895,97.08136,97.72858,96.035416,97.41651,96.358574,96.37832,97.51248,96.73659,96.54279,95.52976,95.62205,95.646385,96.833496,94.04178,96.034035,94.152,90.61922,92.349625,96.660484,97.12986,97.19834,95.61999,93.484856,92.36878,92.6231,95.17776,95.47278,94.006485,96.03714,94.37233,93.23049,90.86872,91.48632,93.439964,91.60619,93.078224,89.34025,93.0051,89.230736,88.42701,90.79053,85.54172,83.72354,83.96657,88.18626,85.38927,90.01447,84.169556,81.71075,80.95052,16.116037,81.93494,77.04824,7.481702,66.00231,62.684196,79.2588,79.545,74.71471,85.70295,75.02552,77.293846,68.41448,69.93008,59.81123,76.65478,69.1077,69.36662,65.88774,57.20345,69.54441,74.572334,75.87077,64.16393,57.379677,68.15691
Surah 23,75.89663,96.57737,96.03598,94.22932,95.82449,96.141075,96.07126,95.51831,95.33171,96.492096,95.662476,96.075806,96.03263,94.83745,96.61635,96.60634,96.093475,95.65481,95.43341,94.99119,96.7393,95.63255,100.0,96.26155,95.78278,96.28111,96.81082,95.34704,95.83171,95.73502,95.93595,96.10164,96.3908,96.562454,94.99034,96.457794,97.26114,96.495,95.02125,95.62199,96.858864,96.12177,96.84296,95.65444,95.837326,96.90559,95.84759,93.61989,93.983215,96.453896,97.11189,94.32282,95.21344,94.40676,92.0743,95.65094,95.69069,95.37494,94.92727,95.10238,91.48421,90.8899,92.28672,93.34568,93.59477,95.10381,96.407455,94.56772,94.53178,93.28991,92.77848,95.04236,92.056496,94.46869,91.23405,94.443855,91.9158,90.995575,93.40387,88.34061,85.68925,85.24486,90.76276,86.71503,89.417534,85.94,82.37205,78.95472,15.478985,84.9055,79.72015,6.6526423,68.26888,62.915874,79.93873,82.07084,75.65162,86.429085,72.84499,76.5415,71.78379,67.67168,60.774868,77.45911,65.961525,70.91237,67.96634,55.726135,70.60783,71.652985,76.207146,62.05604,56.29648,66.804924
Surah 24,75.39224,96.20761,97.593864,94.826416,97.26444,94.798454,95.31439,97.05505,96.684525,96.64076,96.31044,95.8371,96.63311,95.53935,94.43062,97.11204,95.90224,95.62017,94.123146,94.43031,95.80659,96.69012,96.26155,100.000015,95.11625,95.0958,95.5541,93.72568,96.79563,96.18013,96.937195,96.142876,96.72144,96.152306,96.218666,95.83167,95.56259,96.427795,96.64719,96.63189,96.51289,97.084015,96.10112,95.854065,96.81108,97.116325,96.929,94.809616,96.38902,94.485794,96.51063,93.950836,94.54159,93.856186,91.19925,93.50543,96.41522,97.28429,95.6514,96.7385,92.55843,91.27959,92.437706,94.968,94.9662,94.03958,95.68424,94.54887,92.89146,90.61839,91.23953,93.780464,91.83761,93.02318,89.42864,92.75317,89.305176,88.85043,90.816154,84.82831,82.81576,82.87627,88.04244,84.62123,88.09126,82.85082,80.05094,77.62276,15.762999,81.954346,75.64724,6.019009,64.20761,60.318035,78.296455,79.06694,73.64204,86.10855,71.907974,75.09763,68.52633,66.26589,57.43357,74.42992,64.52942,67.711624,64.208015,54.502018,69.94933,72.08941,73.45507,61.7918,55.08697,65.468666
Surah 25,72.43839,96.08052,95.08745,94.32468,95.3261,94.17877,96.17858,95.4677,95.33404,96.14197,96.932724,96.57169,95.97526,93.06904,95.28265,96.80898,97.73964,96.71074,94.99899,95.90746,96.81204,94.71769,95.78278,95.11625,99.99999,95.504944,95.64992,94.87797,94.43506,95.9697,94.787636,96.59199,96.32002,97.42989,94.641785,96.09387,95.9102,96.713745,95.5569,94.85897,97.31861,95.728096,97.2738,96.34132,95.57947,96.20308,96.362015,93.75919,94.45406,95.45755,96.75708,94.26951,95.383606,94.048744,90.670074,94.84328,95.419655,94.96969,94.65942,95.1921,90.171196,88.92099,91.09351,93.42414,94.22321,93.94907,95.777115,94.85051,93.14849,91.88448,91.781746,95.471794,92.38794,94.05392,90.33953,95.95206,89.865906,90.64839,92.363655,85.366356,82.70803,82.9714,89.25906,85.37182,86.84353,83.91791,78.465324,76.085655,17.904793,82.33079,75.547485,7.1699696,65.24796,57.836796,76.83496,79.12933,74.0446,84.56836,71.14523,74.41845,68.17955,64.24477,58.829117,75.08178,63.42146,70.082726,64.5313,55.567127,68.50445,70.01137,74.08461,59.468494,52.110863,63.516647
Surah 26,73.59018,95.70247,95.41846,93.0519,95.40005,95.95782,96.05437,95.4059,95.583,96.185776,95.444885,96.527435,96.38666,94.74548,96.85095,96.594284,95.35055,95.58829,95.4589,97.27147,96.782585,94.63178,96.28111,95.0958,95.504944,100.000015,96.62262,96.50506,95.55671,95.226585,94.9508,96.169174,95.739815,95.57607,94.589226,96.6558,96.689835,96.40765,95.53122,95.89788,96.4916,95.222855,96.22768,96.283325,96.291595,96.121254,95.120705,92.805016,95.435265,94.92526,96.99623,93.93339,96.474365,93.48806,91.706894,95.417915,94.52696,95.28083,95.3863,95.58604,91.976776,90.26551,92.32853,93.63874,94.04315,94.851944,95.74469,94.955376,93.54181,91.2018,92.888245,94.754005,92.14697,94.28056,91.7269,93.509705,90.789085,89.67177,92.442825,87.39519,85.42303,84.10655,89.88497,86.49993,88.16057,84.55049,80.50449,76.42872,14.58855,83.458786,77.52254,5.3177233,67.24799,59.651047,78.12078,80.60589,74.106606,84.163475,71.54865,77.141914,68.90015,65.6849,59.634335,75.99588,64.84697,70.86695,64.63904,57.742775,72.52875,71.43021,75.198654,60.43984,54.99348,65.43732
Surah 27,75.96736,96.75738,96.70588,93.30179,95.868195,96.789635,96.478485,96.30468,96.38886,97.56779,96.06229,96.84319,97.2674,95.89374,96.86409,97.268745,95.974106,96.28232,95.79201,96.06573,97.10865,96.535126,96.81082,95.5541,95.64992,96.62262,99.99996,96.47291,96.80038,96.37777,96.68871,96.39972,96.75943,96.40492,95.570145,97.342094,97.663414,96.92406,96.205894,96.73949,96.95522,96.4844,96.98976,96.061035,96.77135,97.85569,96.416214,93.509224,94.86899,96.850204,97.10206,95.422,96.33713,94.032555,91.91267,95.19957,96.09903,96.09667,96.276726,95.737854,93.27821,93.139854,94.17361,94.79272,94.37786,95.84352,96.35214,95.20017,94.218506,93.59618,92.649086,94.67966,92.65356,94.896576,92.25015,93.71341,91.46007,91.03285,93.70896,88.96407,85.82986,85.44013,91.52358,87.04475,90.45395,85.40239,83.69963,78.77329,14.389457,84.95874,79.57875,5.5824885,68.702255,62.69938,80.38006,82.22496,76.150764,86.90514,73.64711,76.67866,69.386826,68.37376,60.589798,77.43447,66.87084,71.0619,67.861084,56.31141,72.68989,72.769905,76.39479,62.62634,55.92575,67.17845
Surah 28,72.49694,94.98931,94.69863,91.459274,94.59539,94.47775,94.37218,94.777916,94.531456,94.764824,94.158554,96.33491,95.25497,93.37358,95.69327,95.21079,95.11342,94.69429,94.89084,96.27089,95.6376,94.295906,95.34704,93.72568,94.87797,96.50506,96.47291,99.999985,94.44275,94.40099,94.01402,94.24355,95.00167,95.08576,93.27143,95.93359,95.66272,95.84294,94.29094,94.67012,95.15357,94.53186,95.513,94.55346,94.29658,95.82604,94.115616,91.90739,92.76002,94.73328,95.55876,93.40708,95.1427,93.20838,90.77662,94.30042,93.56965,93.35667,94.16077,93.921745,90.05388,88.60618,90.996704,91.93081,92.77804,94.60961,94.23169,93.656906,91.60286,91.38726,90.693596,93.765434,90.45706,92.88226,90.87322,92.836586,89.83937,89.18748,92.00874,87.05994,84.01124,83.62789,89.89513,85.664566,87.37291,84.852325,79.53177,75.01911,13.550141,83.36147,78.24839,4.5770545,67.55103,59.761967,77.000496,80.7664,74.02674,84.46068,71.02913,73.894325,69.2929,63.878487,60.603012,76.06441,63.67533,70.4099,65.94295,55.91598,69.71475,69.961105,75.03481,60.102463,52.765293,64.71166
Surah 29,77.10275,95.224045,97.240074,93.817566,95.81227,96.9069,96.220924,96.73,97.07538,97.436615,95.798386,95.82383,96.945366,97.82474,95.09697,96.983406,95.24527,95.97327,94.69502,95.07717,96.476875,97.5692,95.83171,96.79563,94.43506,95.55671,96.80038,94.44275,100.00002,96.04261,97.439766,96.313675,97.17237,95.58382,96.479324,96.04284,95.608765,96.10563,96.73128,97.0945,96.05902,96.28147,95.89869,95.57878,97.617546,96.95159,96.13696,95.41411,96.67043,95.62438,96.70685,94.362434,95.8391,92.8621,90.74305,92.956314,96.06714,97.33959,97.27999,96.41501,94.94256,93.66339,93.82274,95.55213,95.26728,95.03892,95.8598,94.98877,93.694695,91.426506,93.049416,93.9117,92.15355,94.03532,90.192894,93.06941,90.28117,89.38946,91.681305,87.01041,84.532974,85.26906,89.08515,87.00097,90.344284,84.400764,83.38687,82.15072,15.350413,82.862656,78.18183,7.0326037,67.40386,63.922714,81.255844,81.10529,75.161156,87.82872,75.562195,78.41876,68.792496,71.23796,59.99843,76.74073,69.72146,69.69382,66.53741,57.885826,72.56798,76.43288,75.99423,64.81931,58.17982,68.446556
Surah 30,72.60574,97.01101,96.553566,93.85329,96.11181,95.54625,95.471504,96.66795,96.74413,97.32098,97.64883,96.44152,97.66545,95.3503,95.59059,97.577515,96.12139,96.608696,93.8645,94.573044,96.65936,96.86818,95.73502,96.18013,95.9697,95.226585,96.37777,94.40099,96.04261,100.0,96.10604,97.50281,96.48258,97.13951,97.02703,96.26049,95.696686,96.88808,97.00792,97.14442,97.08354,97.6333,97.226715,96.39909,97.04544,97.147705,96.35554,93.77474,95.75837,95.17865,97.47188,94.06771,95.91769,94.09342,92.04369,93.85969,96.61262,96.65583,96.739784,96.35112,92.05411,90.97699,91.79733,95.13115,94.48267,93.300224,96.6402,95.11144,92.635605,90.71047,90.72586,93.08743,91.481384,93.32142,89.56841,92.90105,88.73613,88.37466,91.163284,85.216644,82.13129,81.08763,88.49805,83.48339,88.2201,82.04745,78.38361,75.831215,16.61782,80.02689,74.57462,7.3944306,63.949673,56.903927,75.394554,77.46038,71.25878,82.67512,69.64613,73.96935,65.641716,63.950085,56.868286,72.908714,62.39625,67.1105,62.07377,54.035694,67.80286,69.90096,71.93038,59.38785,51.02091,61.719162
Surah 31,78.03284,95.70584,97.32348,93.60808,95.85268,95.87182,95.57181,97.03187,96.15434,97.17126,96.37172,95.80597,97.25171,96.985565,95.252525,96.99461,95.64181,96.23528,94.85912,94.9988,96.13554,97.64712,95.93595,96.937195,94.787636,94.9508,96.68871,94.01402,97.439766,96.10604,100.000015,96.32144,96.87421,96.11605,97.0054,96.421745,95.93542,96.274635,96.72319,97.24927,96.01564,97.045425,96.56221,96.002205,96.940735,97.14668,96.57598,94.70922,95.14006,96.011765,96.78414,94.74431,95.18972,94.27365,90.7973,92.86854,96.58669,96.330765,96.11406,95.99918,93.68599,92.94478,93.36129,95.143295,95.290436,94.13448,96.34758,94.92459,94.83236,91.787895,92.6663,94.24962,92.76985,93.92632,90.36136,93.63802,90.68444,89.769264,92.309494,86.78989,84.404305,85.34872,88.69312,86.32276,90.40662,85.062584,84.092514,81.43207,15.175435,83.72758,78.62015,6.0139103,66.83457,63.831665,80.73722,81.31647,76.53706,87.78908,75.730415,77.53981,70.56431,69.583275,60.811275,78.183075,69.39598,70.57222,67.713974,57.015575,71.67969,75.57295,76.56709,64.25564,58.746445,69.22987
Surah 32,73.23856,96.47317,95.71394,94.10417,95.18565,95.459175,96.568474,96.70817,96.37301,97.60202,97.588524,96.274315,97.14371,95.46703,96.53721,97.68098,96.573395,97.20881,94.97043,95.49457,97.36544,97.10371,96.10164,96.142876,96.59199,96.169174,96.39972,94.24355,96.313675,97.50281,96.32144,99.99998,96.489876,97.242226,96.84038,96.95954,96.21878,96.87712,96.85392,96.87654,97.3602,97.1148,97.18038,97.46043,97.6488,96.735214,96.36667,94.37294,95.90576,95.29671,97.793594,94.95003,96.81954,94.54445,91.65379,94.09107,96.42913,96.47795,96.509796,96.35019,92.708664,90.938614,92.45403,94.73185,94.88705,93.39817,97.20797,95.89941,93.81131,91.330215,92.420395,94.37178,91.912476,94.02599,90.11082,93.98146,90.16451,89.805695,91.73351,85.85266,82.966644,82.93761,89.12805,84.69827,88.584435,83.29021,79.53942,79.05202,17.534985,80.90645,75.375,7.3294744,64.99147,58.68519,77.16964,78.538414,72.956085,84.03208,71.82147,76.69338,66.95275,66.84704,57.5687,74.35957,65.73434,68.39506,63.165318,55.372684,69.07589,71.344864,73.459206,59.733604,53.444542,63.984863
Surah 33,76.706604,95.873795,96.75712,95.8531,96.6839,96.166885,96.65246,97.30057,97.364655,97.629395,96.98673,96.50801,97.20841,96.313774,95.744255,97.33788,96.59937,97.41577,95.46316,95.164856,96.26288,97.23828,96.3908,96.72144,96.32002,95.739815,96.75943,95.00167,97.17237,96.48258,96.87421,96.489876,100.000015,96.51951,97.02128,96.80455,96.361404,96.334335,96.895355,96.72383,96.74625,96.497696,97.210754,96.42292,96.911095,96.986404,96.86922,96.3469,96.26499,95.78586,97.07956,94.17735,95.38649,93.79224,90.5278,93.83978,96.41207,97.3817,97.17539,96.6796,92.672714,92.270836,93.518654,95.11526,95.70136,95.055885,96.07022,94.468025,93.34206,91.64249,92.61843,95.30974,92.838135,93.96098,89.81225,94.6868,89.74011,89.43359,91.8916,86.132935,84.2659,84.79749,89.135864,86.22835,88.855484,85.21395,81.7535,78.958046,15.280384,82.7219,78.0224,5.980442,66.62935,62.168716,79.23495,80.763664,75.04045,86.43101,74.070175,77.26106,69.19049,68.26089,60.00943,77.102646,67.54596,70.0961,66.77547,56.09076,70.6972,74.42207,75.99274,63.24002,56.65435,67.62362
Surah 34,72.28242,96.97951,96.17894,93.75185,95.93062,94.6127,95.5295,95.97777,95.47073,96.77822,97.04171,96.65907,96.85953,94.68947,96.03336,97.00191,96.9063,96.206345,94.53911,95.5002,97.02231,96.25236,96.562454,96.152306,97.42989,95.57607,96.40492,95.08576,95.58382,97.13951,96.11605,97.242226,96.51951,100.00004,96.09992,96.46068,96.28467,97.64735,95.596275,96.19923,97.122894,96.99311,97.66537,97.0889,96.13866,97.22944,96.53657,93.31993,94.423,96.52167,97.1479,94.56415,95.96592,95.09546,92.97055,95.00925,96.18641,95.43088,95.14049,95.59818,90.74303,89.60988,90.83,93.770096,93.713745,93.56546,96.33251,94.96167,93.15449,91.69634,90.83072,94.24978,90.897736,93.60214,90.06805,94.37511,89.51551,89.78483,92.21694,85.65437,83.05701,82.87937,89.75909,84.48248,88.09975,83.50603,79.686386,76.69431,17.727938,82.833305,76.346886,7.5853295,65.96097,58.827007,76.55434,79.14852,73.497635,84.63711,71.14915,73.80232,67.5215,64.941536,58.329887,75.40677,63.428272,69.6209,64.866,53.96896,67.680565,69.026276,74.13763,58.619476,51.56628,63.182663
Surah 35,75.68363,94.96726,96.271805,94.47858,96.01145,95.75764,94.988365,96.957985,96.61912,96.97635,97.139366,95.07324,97.17912,96.36442,95.206085,96.91042,95.35922,96.45073,94.12821,93.813255,95.56613,97.62569,94.99034,96.218666,94.641785,94.589226,95.570145,93.27143,96.479324,97.02703,97.0054,96.84038,97.02128,96.09992,99.99997,95.933655,94.99664,96.05889,97.12292,97.3778,95.598724,97.40373,95.99685,96.06677,96.81852,96.266174,95.765854,95.12054,95.83693,94.85859,96.71877,93.455246,95.4856,93.53445,90.18389,92.3734,97.08231,96.95043,96.60364,96.33304,92.10716,91.62462,92.002846,95.10016,95.42505,92.77687,95.75015,94.56494,92.43591,89.83837,91.27211,93.02043,91.997635,93.02445,88.20837,93.15459,87.878914,87.9556,90.02112,84.43939,82.84779,81.95636,87.0644,83.68438,88.66964,82.364914,79.8328,78.91525,15.160688,80.47027,75.8675,6.4172015,65.09703,60.239212,77.146675,77.746956,72.670135,83.84058,72.80536,75.524124,67.069405,67.53942,58.42746,75.25521,66.04177,68.71029,64.28536,55.599903,69.157326,72.8192,74.14694,62.87826,54.935898,64.878296
Surah 36,75.552864,95.90251,96.21842,93.975174,95.692856,96.10321,96.66346,96.38385,96.01146,96.81562,96.57189,96.91925,96.970535,95.612404,97.207115,97.18281,96.57728,96.56811,95.25353,95.68271,97.43231,96.23343,96.457794,95.83167,96.09387,96.6558,97.342094,95.93359,96.04284,96.26049,96.421745,96.95954,96.80455,96.46068,95.933655,100.00007,97.39918,96.89896,96.26649,96.4499,96.957,96.23299,97.36906,97.02045,96.68363,96.827515,96.37172,93.9244,94.75369,96.5349,97.44676,94.968605,96.63382,95.002556,91.27077,95.34482,96.239685,96.09717,95.71561,95.87123,91.48912,91.1238,92.68088,93.772194,94.468735,94.61679,95.77699,95.54848,94.07974,92.24465,91.80386,94.44129,91.89201,94.59303,90.90086,94.11548,90.50158,89.81434,92.94349,87.49739,85.06145,84.71125,90.12317,86.5415,89.220276,85.87031,82.00009,78.63043,12.585031,84.31559,78.511475,2.8841224,66.99218,61.274155,79.816475,80.819954,75.74997,86.5106,73.173836,76.68368,70.036446,67.936935,60.66047,77.51544,66.83743,71.52929,67.238075,56.5076,70.66157,72.953224,76.02441,60.879826,55.17153,66.78032
