,Surah 1,Surah 2,Surah 3,Surah 4,Surah 5,Surah 6,Surah 7,Surah 8,Surah 9,Surah 10,Surah 11,Surah 12,Surah 13,Surah 14,Surah 15,Surah 16,Surah 17,Surah 18,Surah 19,Surah 20,Surah 21,Surah 22,Surah 23,Surah 24,Surah 25,Surah 26,Surah 27,Surah 28,Surah 29,Surah 30,Surah 31,Surah 32,Surah 33,Surah 34,Surah 35,Surah 36,Surah 37,Surah 38,Surah 39,Surah 40,Surah 41,Surah 42,Surah 43,Surah 44,Surah 45,Surah 46,Surah 47,Surah 48,Surah 49,Surah 50,Surah 51,Surah 52,Surah 53,Surah 54,Surah 55,Surah 56,Surah 57,Surah 58,Surah 59,Surah 60,Surah 61,Surah 62,Surah 63,Surah 64,Surah 65,Surah 66,Surah 67,Surah 68,Surah 69,Surah 70,Surah 71,Surah 72,Surah 73,Surah 74,Surah 75,Surah 76,Surah 77,Surah 78,Surah 79,Surah 80,Surah 81,Surah 82,Surah 83,Surah 84,Surah 85,Surah 86,Surah 87,Surah 88,Surah 89,Surah 90,Surah 91,Surah 92,Surah 93,Surah 94,Surah 95,Surah 96,Surah 97,Surah 98,Surah 99,Surah 100,Surah 101,Surah 102,Surah 103,Surah 104,Surah 105,Surah 106,Surah 107,Surah 108,Surah 109,Surah 110,Surah 111,Surah 112,Surah 113,Surah 114
Surah 1,100.00,82.72,91.89,87.62,86.01,89.36,88.17,88.22,89.32,90.13,88.46,80.72,91.87,90.01,80.07,89.94,86.42,86.96,90.17,89.31,88.32,80.50,79.28,89.70,90.81,81.11,89.78,82.77,89.45,89.43,91.46,89.61,88.87,88.50,90.69,84.69,93.06,90.35,89.93,86.90,82.87,91.54,83.66,90.94,91.54,86.17,89.61,87.68,90.63,78.43,84.48,89.44,88.93,83.41,88.53,72.02,90.11,88.49,91.39,87.02,91.17,90.57,86.67,89.81,89.33,89.96,89.13,87.83,82.80,87.28,84.21,87.55,89.46,90.60,87.80,84.54,70.39,80.95,85.04,86.22,83.99,79.26,84.98,89.59,85.17,87.12,92.29,69.39,88.31,74.85,88.65,89.74,91.17,75.98,70.76,85.74,71.27,88.52,61.38,88.28,88.55,64.57,72.48,86.80,63.95,76.27,78.91,60.09,80.36,88.84,62.98,82.04,85.29,62.97
Surah 2,82.72,100.00,84.29,76.18,75.23,84.23,82.75,88.31,85.13,83.11,77.96,73.57,85.57,79.08,73.39,78.64,71.73,77.62,79.47,79.45,80.65,72.26,87.03,79.41,76.07,80.42,85.74,71.73,85.77,81.28,88.23,82.94,79.48,76.89,81.28,82.37,83.83,80.10,84.04,75.11,72.71,83.83,73.66,81.02,83.40,79.42,80.40,83.23,81.96,68.97,75.15,83.78,78.69,73.15,78.03,68.58,79.63,80.04,84.93,84.08,80.38,81.97,83.59,84.62,78.70,80.01,76.38,78.29,69.43,73.31,75.83,76.50,79.08,77.25,77.10,69.96,64.86,71.41,70.91,75.68,75.58,79.45,78.22,83.55,82.49,73.58,81.73,57.26,79.79,68.62,76.82,80.53,86.02,65.89,61.40,84.50,58.42,82.63,59.85,74.62,74.25,73.11,65.10,77.18,56.83,68.32,69.09,57.84,80.85,84.36,50.37,71.13,73.92,48.67
Surah 3,91.89,84.29,100.00,93.55,92.71,94.87,91.96,93.37,94.66,94.99,95.65,86.56,96.84,96.29,81.96,95.10,90.93,92.03,92.67,94.40,94.34,88.03,73.48,94.36,91.31,81.22,92.74,81.97,93.35,93.08,92.62,94.30,94.65,92.34,96.01,82.49,93.78,94.04,94.95,94.80,88.54,96.42,86.87,94.21,95.63,93.45,93.60,89.45,93.18,80.57,81.23,93.97,94.21,87.77,88.27,70.90,95.48,93.82,96.40,91.68,96.15,91.11,94.80,94.85,93.70,93.17,89.89,95.15,89.45,93.34,86.51,91.71,90.23,93.30,86.53,79.66,65.29,72.56,88.75,91.73,79.59,78.55,86.99,89.83,89.65,89.47,96.63,65.41,90.67,71.78,91.39,94.74,89.07,71.92,65.15,88.71,64.96,91.75,60.31,88.70,88.65,62.04,65.36,90.38,61.52,70.34,70.90,56.00,73.61,88.72,59.73,80.97,81.97,53.67
Surah 4,87.62,76.18,93.55,100.00,96.12,89.01,92.97,92.57,90.58,93.81,96.13,90.32,95.10,94.73,86.28,96.99,93.16,89.52,90.58,92.67,93.83,88.13,67.01,93.58,89.20,80.60,92.30,79.80,91.96,92.43,89.43,93.30,96.83,89.85,93.74,79.35,88.20,95.23,94.04,94.73,92.74,95.01,91.65,94.20,93.12,93.38,90.45,84.36,93.80,83.15,78.60,87.90,91.61,90.89,89.38,68.54,92.72,96.48,93.16,91.71,95.27,85.29,94.06,89.89,94.01,95.53,86.50,96.46,93.92,93.12,83.18,93.76,91.43,91.97,81.26,75.06,57.42,77.05,90.55,93.04,73.15,69.94,82.90,85.47,82.47,88.71,93.88,62.34,88.44,72.12,89.57,94.47,80.96,65.66,62.37,82.13,56.99,91.62,53.77,88.04,88.56,52.64,57.18,88.90,55.27,69.48,63.31,52.34,69.65,80.36,61.75,74.69,76.17,48.15
Surah 5,86.01,75.23,92.71,96.12,100.00,86.42,92.52,91.73,89.90,92.27,97.10,89.95,94.15,95.26,87.35,96.42,92.54,89.09,88.32,93.97,93.66,87.58,61.78,93.05,84.86,77.29,92.75,77.38,92.15,92.50,89.66,93.81,95.13,89.53,93.17,81.17,86.94,94.20,92.48,95.93,93.92,94.96,90.73,93.99,93.45,93.56,90.07,83.66,94.33,81.76,76.68,87.66,91.27,91.61,86.71,64.26,91.52,93.19,91.56,93.34,95.41,82.83,94.19,87.72,94.95,92.49,82.47,97.10,94.39,92.67,82.70,93.64,90.53,91.08,80.41,72.13,56.58,70.79,91.10,93.87,70.43,68.41,83.46,82.43,82.57,87.85,92.10,59.36,85.63,69.91,86.87,93.81,77.96,60.09,63.63,78.83,55.13,90.78,48.21,85.70,89.00,51.37,56.97,91.39,50.60,68.31,62.54,53.84,64.86,77.26,58.63,70.90,73.18,47.46
Surah 6,89.36,84.23,94.87,89.01,86.42,100.00,87.09,89.43,92.70,90.49,89.52,81.77,92.72,90.72,77.17,90.61,85.93,87.39,90.46,90.46,89.08,83.47,71.41,88.69,91.53,78.96,87.78,79.93,88.66,89.65,88.43,90.67,89.99,90.32,94.01,77.23,91.00,89.57,90.30,88.54,81.55,92.99,82.81,90.28,92.21,91.12,89.16,89.16,87.51,79.85,78.74,89.83,89.19,82.41,88.23,68.11,94.55,89.74,94.18,86.79,91.93,90.23,90.04,96.45,87.98,89.84,89.66,89.95,83.14,87.31,85.11,85.90,86.48,88.70,84.99,79.91,63.65,75.56,81.90,86.67,78.89,77.54,81.07,88.64,86.86,86.74,93.86,63.92,90.17,71.69,89.42,91.38,89.06,72.13,64.59,89.15,66.24,86.46,62.56,86.57,82.59,66.26,62.62,84.61,61.08,69.93,67.31,55.60,71.65,88.78,59.97,79.49,80.34,51.70
Surah 7,88.17,82.75,91.96,92.97,92.52,87.09,100.00,92.41,90.79,94.07,93.46,91.05,94.84,93.70,89.43,93.63,91.04,89.34,91.19,92.72,92.96,86.17,73.57,93.26,85.26,86.49,91.85,83.41,93.10,91.26,90.58,93.24,93.90,87.67,90.32,86.00,90.31,95.42,92.66,91.28,90.67,92.65,91.36,95.18,92.31,91.05,90.48,87.02,93.60,86.91,84.02,90.78,92.60,90.85,89.43,75.07,89.89,93.35,94.66,92.38,93.36,86.13,94.21,88.54,93.89,93.59,85.57,92.63,90.94,90.56,85.01,94.74,91.37,91.81,84.04,78.47,65.64,78.98,90.93,91.64,77.80,75.47,85.95,87.31,86.67,87.28,92.62,63.61,89.89,75.08,88.43,90.95,84.18,72.14,64.88,84.37,60.53,93.06,58.16,87.90,88.50,62.83,62.57,85.75,62.01,74.83,68.91,56.96,75.79,83.79,58.22,76.21,76.70,55.56
Surah 8,88.22,88.31,93.37,92.57,91.73,89.43,92.41,100.00,93.33,93.11,93.81,85.82,94.29,92.06,83.03,93.85,87.73,88.49,89.80,90.17,91.57,83.75,77.08,91.73,85.10,78.13,93.49,77.21,95.24,92.30,91.13,92.28,94.86,87.49,91.99,81.24,86.65,91.81,94.61,91.30,90.19,95.47,87.59,91.83,92.79,91.10,91.34,88.46,94.84,77.64,75.89,89.26,88.37,85.31,86.04,65.17,90.79,92.76,92.73,95.50,94.39,86.86,94.80,91.79,91.51,92.79,82.48,93.74,87.12,88.57,84.12,90.39,87.46,87.62,81.80,70.80,60.42,71.84,85.33,88.15,72.21,72.04,82.76,86.07,86.83,83.07,92.74,55.23,85.63,69.05,85.51,92.03,83.33,62.46,59.99,87.28,55.22,92.15,52.39,83.92,83.45,58.63,61.60,86.11,51.57,67.60,65.61,50.88,77.45,85.79,52.92,73.97,73.02,45.22
Surah 9,89.32,85.13,94.66,90.58,89.90,92.70,90.79,93.33,100.00,93.55,92.67,86.60,94.49,93.08,80.63,93.25,88.69,87.58,91.13,91.66,91.52,84.89,73.25,90.49,88.14,80.99,91.50,82.04,92.12,91.99,90.63,93.18,92.92,88.34,93.48,79.68,89.97,92.01,93.60,91.85,86.87,94.32,87.06,92.64,93.50,91.73,89.05,88.58,91.92,80.29,79.03,91.05,89.32,85.88,87.71,69.80,92.17,91.67,94.25,91.42,93.58,88.96,93.31,92.93,91.57,92.19,86.46,92.71,87.57,89.00,87.99,89.89,88.28,88.85,85.30,76.93,64.57,74.45,85.39,86.65,76.76,75.72,83.10,86.96,86.37,85.39,92.57,61.41,89.55,70.01,87.56,90.57,86.58,68.91,63.68,87.83,62.83,91.60,58.15,85.07,82.97,63.83,58.82,85.39,59.75,69.53,68.54,55.15,74.48,87.05,55.08,77.38,78.03,51.72
Surah 10,90.13,83.11,94.99,93.81,92.27,90.49,94.07,93.11,93.55,100.00,95.39,90.09,95.60,95.29,86.32,95.47,92.86,93.45,92.85,93.38,94.73,85.94,74.49,93.08,90.14,86.33,94.28,84.72,95.96,93.12,93.68,94.12,95.83,93.09,94.11,85.34,92.19,96.78,95.22,94.12,90.61,94.45,90.67,95.59,93.46,92.18,92.64,86.49,93.37,87.30,81.63,91.83,94.32,91.55,91.92,73.88,92.85,94.93,96.44,92.57,95.89,92.22,96.00,91.22,93.75,95.37,89.10,94.95,91.40,93.84,87.15,95.74,90.35,92.21,86.18,81.81,67.24,75.85,90.48,91.62,78.54,73.61,87.68,88.85,88.28,89.33,94.05,63.87,91.02,72.72,90.23,93.09,86.84,69.96,65.51,88.34,62.13,94.55,59.15,91.44,89.02,60.96,63.79,89.67,62.90,72.67,72.79,53.49,74.67,87.55,62.05,79.52,80.26,58.65
Surah 11,88.46,77.96,95.65,96.13,97.10,89.52,93.46,93.81,92.67,95.39,100.00,89.52,96.12,96.67,85.89,97.27,92.92,91.37,91.82,94.20,95.03,88.42,67.06,94.93,87.55,77.97,92.91,79.68,94.60,92.95,91.78,94.84,97.28,91.99,94.67,80.91,89.01,95.77,95.65,97.09,93.84,96.84,90.55,95.55,94.67,94.40,92.38,86.21,95.78,81.30,78.33,90.25,93.56,90.94,87.31,65.91,93.77,95.86,94.41,94.16,97.25,87.15,96.03,90.73,95.66,95.14,85.81,97.77,93.56,94.69,85.69,95.38,90.46,92.18,83.28,75.19,60.45,70.29,90.99,93.47,73.69,70.18,84.87,85.90,85.53,87.19,95.06,59.07,87.64,68.29,88.78,94.33,81.97,64.25,61.62,83.99,57.79,91.90,51.92,87.50,88.42,54.13,57.68,89.03,54.45,66.35,64.23,52.42,69.69,83.20,56.89,74.44,75.88,50.10
Surah 12,80.72,73.57,86.56,90.32,89.95,81.77,91.05,85.82,86.60,90.09,89.52,100.00,90.43,89.96,89.61,90.90,91.12,83.64,87.41,91.25,90.12,82.38,58.79,87.92,80.55,82.03,91.22,82.09,88.24,87.94,84.71,88.98,91.88,87.21,87.13,80.43,84.90,91.52,86.59,89.99,92.25,87.92,94.54,91.74,88.95,88.27,83.82,79.11,87.03,88.28,77.83,84.98,90.36,89.98,90.57,71.05,87.28,90.27,87.90,86.43,90.39,80.49,89.71,83.23,88.32,90.48,82.01,90.74,92.11,89.90,82.29,92.53,90.52,88.34,77.74,74.21,58.94,77.29,90.59,90.18,72.29,68.02,81.03,79.14,78.67,87.01,86.91,62.14,84.57,70.69,87.43,88.12,76.43,62.67,61.65,79.79,55.92,87.00,51.54,84.78,88.20,57.63,52.33,83.87,54.81,67.52,63.57,50.76,64.27,73.70,57.84,73.41,73.78,49.74
Surah 13,91.87,85.57,96.84,95.10,94.15,92.72,94.84,94.29,94.49,95.60,96.12,90.43,100.00,96.53,86.12,96.80,92.11,90.00,91.97,95.34,95.54,89.16,73.49,95.46,89.23,84.58,94.57,84.67,94.72,94.22,92.82,95.68,95.90,91.80,94.20,84.86,93.94,96.06,95.14,94.69,90.95,96.39,90.76,95.98,96.30,94.34,92.60,87.51,95.22,83.83,84.16,94.33,94.83,91.50,91.34,73.24,95.27,95.07,96.34,92.89,96.53,89.29,95.56,94.07,95.33,94.38,89.57,95.78,92.52,93.25,85.05,94.43,93.70,94.56,87.50,81.04,66.47,77.05,91.74,92.81,80.93,79.95,88.17,90.04,88.06,90.28,96.04,67.11,91.67,72.93,93.10,94.59,87.46,72.46,67.67,86.75,65.59,92.90,60.19,89.53,90.76,64.38,63.12,90.47,62.01,72.14,70.70,58.92,77.10,85.76,59.73,79.30,82.69,54.73
Surah 14,90.01,79.08,96.29,94.73,95.26,90.72,93.70,92.06,93.08,95.29,96.67,89.96,96.53,100.00,87.77,96.51,94.49,92.31,91.41,95.67,95.01,87.52,68.03,95.15,90.09,81.29,93.94,84.42,93.37,92.94,91.82,95.06,95.01,91.80,94.43,83.36,92.31,95.82,94.34,96.71,92.79,95.56,91.04,95.84,95.85,94.26,93.31,86.83,93.24,83.22,81.46,92.71,95.04,90.88,89.77,70.08,94.29,94.15,95.69,91.75,96.23,89.42,94.96,92.13,95.77,93.78,88.75,96.30,93.38,95.58,87.07,95.49,91.41,94.27,85.91,78.78,63.64,73.19,92.06,94.29,77.26,74.33,87.90,87.65,88.04,90.18,95.09,64.30,89.00,71.87,91.37,94.72,85.28,69.72,64.55,84.85,64.48,93.22,55.88,90.29,90.44,57.58,61.22,91.66,58.51,72.99,70.05,55.55,70.12,84.82,61.48,79.13,80.19,55.21
Surah 15,80.07,73.39,81.96,86.28,87.35,77.17,89.43,83.03,80.63,86.32,85.89,89.61,86.12,87.77,100.00,85.86,85.54,82.29,81.61,87.15,86.19,78.25,64.44,87.56,76.78,83.01,89.03,79.43,86.31,85.20,84.18,86.55,84.92,79.66,81.84,82.48,82.22,89.18,83.17,86.26,88.64,83.15,91.00,87.07,85.39,84.02,85.32,77.71,83.96,86.06,80.34,82.47,85.99,87.93,84.46,72.47,79.85,85.85,84.76,84.65,84.84,74.97,86.78,77.17,88.70,84.96,76.27,85.15,86.94,85.77,78.84,89.77,86.25,85.47,74.88,74.62,62.97,78.22,89.63,87.73,73.22,71.72,83.54,79.02,79.87,82.51,81.28,63.82,79.68,74.45,82.56,83.94,75.38,62.32,66.61,74.94,55.41,86.96,49.88,83.37,86.67,58.64,59.50,83.00,55.39,75.57,67.16,54.09,63.27,75.03,59.20,68.62,69.91,50.49
Surah 16,89.94,78.64,95.10,96.99,96.42,90.61,93.63,93.85,93.25,95.47,97.27,90.90,96.80,96.51,85.86,100.00,93.82,89.92,91.43,95.55,95.33,88.68,65.86,93.51,89.50,79.45,94.45,81.86,94.61,94.65,91.29,95.29,97.55,93.31,95.48,80.90,90.46,95.41,95.30,95.85,93.22,96.88,91.85,96.12,95.68,95.61,90.48,85.66,95.21,83.46,78.36,90.70,93.84,91.59,91.83,66.72,95.69,95.43,94.89,93.01,97.48,88.84,94.68,92.83,94.73,94.94,88.12,97.82,93.88,94.57,84.66,95.21,92.39,93.50,85.31,77.11,59.52,74.75,90.64,93.63,75.06,70.66,84.56,86.14,84.45,90.56,95.92,63.34,88.77,69.25,90.95,95.47,82.74,64.65,62.85,85.49,61.54,92.77,54.99,89.24,90.56,57.46,57.88,90.50,54.00,71.59,66.26,53.12,71.39,81.24,60.59,76.83,78.78,50.70
Surah 17,86.42,71.73,90.93,93.16,92.54,85.93,91.04,87.73,88.69,92.86,92.92,91.12,92.11,94.49,85.54,93.82,100.00,90.15,92.59,93.31,91.33,83.62,62.11,92.15,88.81,79.55,92.01,87.07,89.94,90.73,85.13,90.80,93.62,90.90,90.85,77.24,87.90,93.87,90.39,94.85,91.54,90.61,90.87,92.81,91.69,89.87,90.10,80.57,89.18,84.91,76.77,87.22,93.33,90.50,92.34,69.60,91.52,92.34,92.77,88.08,94.80,86.77,91.16,87.28,91.96,93.15,85.80,93.66,95.23,94.57,87.23,93.86,90.62,90.94,82.69,78.58,58.76,74.55,93.06,91.82,72.46,64.70,82.21,83.06,84.28,91.53,92.16,61.38,87.04,68.69,91.80,91.65,80.38,65.12,58.94,81.20,63.12,91.25,52.50,91.24,89.69,51.26,55.80,89.08,55.31,73.19,66.28,48.00,64.32,80.41,63.64,77.68,76.01,53.06
Surah 18,86.96,77.62,92.03,89.52,89.09,87.39,89.34,88.49,87.58,93.45,91.37,83.64,90.00,92.31,82.29,89.92,90.15,100.00,89.28,88.40,88.35,79.69,72.20,90.57,90.60,80.65,89.30,81.26,91.53,89.09,88.37,87.57,90.81,90.11,90.15,82.16,87.19,92.25,90.15,90.65,85.42,89.14,83.79,89.07,87.98,86.05,93.60,82.58,89.11,81.14,77.43,87.84,91.18,86.86,87.00,70.13,87.03,89.42,92.14,89.19,91.90,88.62,91.39,86.09,90.30,90.63,84.74,91.29,87.35,91.85,81.92,91.39,83.71,88.46,81.02,78.66,64.96,68.30,86.87,89.85,72.17,68.86,85.63,85.17,87.61,86.72,90.61,60.16,85.49,70.23,86.77,90.22,84.23,68.91,65.29,84.38,58.82,90.64,54.91,89.12,86.62,52.80,69.13,88.21,61.67,69.64,72.09,50.18,67.44,86.46,62.51,79.87,76.29,56.58
Surah 19,90.17,79.47,92.67,90.58,88.32,90.46,91.19,89.80,91.13,92.85,91.82,87.41,91.97,91.41,81.61,91.43,92.59,89.28,100.00,92.00,89.20,82.04,71.06,89.75,90.27,79.31,90.13,83.94,88.57,87.84,88.76,91.05,93.28,90.21,92.30,77.17,89.59,91.23,91.68,90.26,86.81,92.14,87.80,92.73,91.94,88.05,89.14,86.60,90.21,80.91,79.79,89.13,91.96,83.22,89.99,72.37,91.48,92.85,93.28,89.23,93.57,90.22,90.44,90.30,89.32,95.70,89.27,91.43,87.01,90.66,87.95,91.37,89.46,90.28,84.20,80.53,63.16,76.24,87.77,89.26,77.74,70.68,79.61,89.38,84.15,86.80,94.45,61.83,89.90,70.05,89.66,90.03,88.62,72.87,57.23,89.74,64.05,88.76,60.83,90.59,85.64,57.71,58.75,84.39,61.82,71.82,69.20,54.36,73.54,87.56,63.60,80.08,79.35,57.20
Surah 20,89.31,79.45,94.40,92.67,93.97,90.46,92.72,90.17,91.66,93.38,94.20,91.25,95.34,95.67,87.15,95.55,93.31,88.40,92.00,100.00,93.11,87.10,66.13,92.91,88.77,81.07,93.87,85.06,91.76,91.47,89.18,95.39,93.96,92.33,93.33,82.21,92.62,93.05,93.25,94.68,91.80,93.69,91.91,94.34,95.97,94.46,89.49,85.00,92.33,83.55,81.91,92.08,94.81,89.22,91.62,72.15,94.72,92.45,93.79,90.67,95.58,86.84,92.20,92.34,93.80,92.40,87.38,94.43,91.37,93.75,85.19,93.95,92.24,93.83,86.79,79.37,63.49,75.91,91.69,94.48,78.21,75.54,85.30,86.20,85.85,92.74,94.72,65.38,88.18,73.56,90.86,93.20,84.91,67.44,66.02,86.15,64.78,90.88,57.68,88.32,91.79,63.03,61.52,91.04,56.46,72.10,68.75,57.36,70.69,80.95,61.25,80.31,81.24,55.10
Surah 21,88.32,80.65,94.34,93.83,93.66,89.08,92.96,91.57,91.52,94.73,95.03,90.12,95.54,95.01,86.19,95.33,91.33,88.35,89.20,93.11,100.00,88.74,67.69,92.98,87.28,82.32,93.19,80.30,93.66,93.15,92.36,93.81,94.76,91.17,93.34,83.72,91.27,95.63,93.17,94.94,93.56,94.71,90.30,95.51,94.42,94.59,89.86,84.82,93.70,84.62,79.81,90.82,94.51,92.98,88.44,67.26,93.22,94.26,94.41,90.81,95.27,87.21,95.38,90.43,93.64,92.35,86.35,96.14,93.13,92.42,83.51,94.43,91.38,92.10,82.25,76.77,61.70,72.35,90.75,92.33,76.44,72.79,86.61,85.09,86.33,88.55,93.55,65.84,88.71,69.19,89.60,94.17,81.84,63.39,62.75,83.98,58.90,91.76,55.14,86.93,90.06,58.13,58.06,89.79,56.66,68.99,67.38,50.22,70.25,81.84,57.60,77.33,78.54,49.85
Surah 22,80.50,72.26,88.03,88.13,87.58,83.47,86.17,83.75,84.89,85.94,88.42,82.38,89.16,87.52,78.25,88.68,83.62,79.69,82.04,87.10,88.74,100.00,59.62,87.00,78.76,74.44,83.83,73.48,84.24,86.14,82.58,87.11,86.59,83.54,85.75,74.32,84.94,88.07,84.06,87.30,83.98,87.37,82.24,87.63,87.10,87.37,82.38,78.88,86.11,78.35,75.43,83.86,87.78,85.81,80.38,65.53,87.56,86.97,86.93,83.94,86.97,77.30,87.19,84.81,86.83,85.33,82.06,87.78,85.88,85.56,77.82,85.85,86.08,87.53,79.95,73.04,56.84,68.76,85.71,85.96,73.62,70.61,78.62,80.54,80.43,83.35,86.91,64.85,83.95,66.33,85.20,86.85,74.68,61.91,57.69,74.43,58.45,81.65,67.81,81.73,84.41,56.67,53.82,82.70,54.26,63.57,57.13,51.27,64.13,73.78,52.40,69.36,71.31,43.35
Surah 23,79.28,87.03,73.48,67.01,61.78,71.41,73.57,77.08,73.25,74.49,67.06,58.79,73.49,68.03,64.44,65.86,62.11,72.20,71.06,66.13,67.69,59.62,100.00,71.60,70.32,78.72,72.65,67.44,77.01,69.20,78.40,71.52,68.83,63.30,67.72,76.78,75.34,71.38,75.85,63.59,59.71,70.90,61.46,69.57,69.82,63.70,76.72,73.97,73.17,60.39,74.56,75.18,67.79,62.77,67.85,71.36,64.97,72.76,74.87,75.61,68.99,74.88,73.42,70.89,72.06,72.09,66.98,64.76,57.57,63.59,68.27,67.14,67.72,67.41,71.74,66.35,70.69,70.20,62.93,64.40,73.86,77.78,73.28,78.76,77.20,62.72,70.91,53.88,70.19,68.23,68.31,68.38,82.15,68.63,60.50,75.72,54.75,75.78,57.06,68.30,66.10,65.89,73.47,65.97,61.24,65.26,73.26,55.41,80.49,82.48,50.46,64.85,71.05,53.39
Surah 24,89.70,79.41,94.36,93.58,93.05,88.69,93.26,91.73,90.49,93.08,94.93,87.92,95.46,95.15,87.56,93.51,92.15,90.57,89.75,92.91,92.98,87.00,71.60,100.00,87.16,82.53,93.02,83.19,92.79,91.24,89.44,92.99,92.85,87.41,90.74,83.70,90.19,95.53,92.12,95.17,91.05,92.54,89.23,92.80,93.03,91.63,95.27,83.74,92.05,82.69,84.41,92.03,92.87,91.49,87.62,71.03,90.72,92.57,93.90,91.10,94.42,84.15,94.76,89.10,96.02,91.29,85.49,93.85,93.79,94.02,83.34,93.32,90.36,92.30,82.85,79.40,66.85,73.08,93.36,92.72,79.59,77.20,89.31,85.04,91.22,87.88,92.94,66.64,88.09,71.44,91.54,92.45,82.68,69.43,66.07,80.91,59.99,93.41,52.70,87.76,89.59,58.32,64.55,90.34,62.84,70.75,69.56,53.26,69.86,83.72,57.24,75.57,78.64,52.04
Surah 25,90.81,76.07,91.31,89.20,84.86,91.53,85.26,85.10,88.14,90.14,87.55,80.55,89.23,90.09,76.78,89.50,88.81,90.60,90.27,88.77,87.28,78.76,70.32,87.16,100.00,77.47,86.91,84.30,86.73,89.16,85.65,88.40,88.98,90.58,91.21,76.35,90.04,88.68,89.21,87.56,81.34,89.10,82.58,87.29,89.24,86.89,88.24,81.84,85.44,78.87,75.34,84.77,89.44,81.61,90.03,68.17,91.68,88.45,91.80,82.72,91.08,92.61,85.47,91.56,86.62,89.86,90.05,89.31,84.16,89.90,81.83,86.72,83.88,87.97,84.32,79.92,60.32,76.10,81.99,87.24,75.79,68.85,79.94,86.58,82.52,88.84,91.60,61.27,87.12,71.53,88.68,89.65,87.58,70.40,62.47,87.19,65.38,86.99,59.44,88.76,83.77,55.40,61.68,84.69,58.71,70.25,71.44,48.08,69.24,86.11,66.50,85.17,80.11,57.09
Surah 26,81.11,80.42,81.22,80.60,77.29,78.96,86.49,78.13,80.99,86.33,77.97,82.03,84.58,81.29,83.01,79.45,79.55,80.65,79.31,81.07,82.32,74.44,78.72,82.53,77.47,100.00,82.77,82.62,85.12,81.85,83.57,81.77,79.73,76.69,78.22,88.21,85.65,86.49,80.41,78.54,75.72,77.55,82.94,83.83,79.67,77.04,82.10,77.69,78.45,89.06,86.91,85.09,84.39,87.26,85.21,87.88,76.42,83.64,85.91,80.79,79.37,79.70,85.59,75.90,84.38,82.05,77.14,78.54,80.79,78.66,77.36,84.49,83.58,83.49,77.98,81.92,80.74,83.39,85.11,80.37,80.45,82.65,87.39,83.47,81.35,82.79,78.21,71.53,81.95,81.60,84.42,80.59,82.41,76.62,74.27,76.74,62.18,84.94,64.93,83.05,82.25,70.27,68.95,80.73,72.66,73.87,78.36,65.09,69.09,79.14,64.09,72.60,81.54,61.41
Surah 27,89.78,85.74,92.74,92.30,92.75,87.78,91.85,93.49,91.50,94.28,92.91,91.22,94.57,93.94,89.03,94.45,92.01,89.30,90.13,93.87,93.19,83.83,72.65,93.02,86.91,82.77,100.00,83.55,94.14,92.96,94.66,93.09,93.50,90.72,93.17,86.26,89.46,93.98,92.80,93.44,92.82,93.89,91.61,93.28,94.75,92.35,90.67,85.30,92.14,83.41,79.61,90.66,91.38,89.89,91.55,69.64,91.09,92.21,93.41,91.98,95.13,88.04,93.44,89.51,91.76,92.70,84.49,94.48,91.55,91.87,83.79,92.23,90.66,89.97,81.36,76.77,63.73,74.48,90.03,92.25,75.07,72.88,86.64,84.89,86.87,87.96,91.91,63.80,86.25,69.13,89.95,93.15,83.81,62.04,64.47,85.21,57.18,94.48,53.87,88.03,90.44,60.14,60.37,91.17,54.12,73.50,72.68,51.36,72.18,82.76,59.95,76.32,78.68,50.21
Surah 28,82.77,71.73,81.97,79.80,77.38,79.93,83.41,77.21,82.04,84.72,79.68,82.09,84.67,84.42,79.43,81.86,87.07,81.26,83.94,85.06,80.30,73.48,67.44,83.19,84.30,82.62,83.55,100.00,82.67,82.20,77.78,84.19,81.74,80.16,78.14,77.89,86.21,84.66,80.81,81.78,77.66,78.65,83.75,81.80,82.20,79.27,83.36,73.44,78.07,82.77,79.46,82.34,85.18,81.40,89.59,74.80,80.83,82.30,86.07,77.30,84.08,83.64,80.45,80.25,84.08,83.16,81.03,79.89,82.85,83.18,81.14,85.86,81.42,83.60,81.65,82.01,67.64,78.31,84.79,81.19,78.48,72.86,81.31,80.99,79.01,84.68,82.39,62.24,82.84,73.03,86.88,79.34,83.38,74.21,67.15,81.19,63.65,84.32,61.42,84.32,81.73,62.92,62.38,79.63,66.65,73.48,72.81,54.39,68.88,77.83,62.16,74.82,79.83,66.06
Surah 29,89.45,85.77,93.35,91.96,92.15,88.66,93.10,95.24,92.12,95.96,94.60,88.24,94.72,93.37,86.31,94.61,89.94,91.53,88.57,91.76,93.66,84.24,77.01,92.79,86.73,85.12,94.14,82.67,100.00,93.84,92.23,93.16,94.79,89.86,91.34,88.37,90.13,94.91,94.69,92.84,90.63,93.54,89.81,93.71,91.96,91.85,92.83,86.34,94.03,85.00,79.18,90.22,91.92,90.42,89.16,69.29,90.69,93.60,94.38,94.38,95.12,88.69,95.67,89.79,93.92,91.99,82.58,94.31,89.94,91.34,84.75,94.17,88.63,89.41,84.16,77.40,67.38,75.51,88.86,89.64,76.21,74.43,88.79,84.89,89.11,87.68,92.35,59.82,85.77,73.26,87.98,92.61,83.63,64.88,68.24,86.90,57.35,93.70,55.07,86.30,87.38,63.36,66.22,88.89,56.20,70.08,71.74,52.05,73.99,84.64,55.14,76.66,77.92,53.49
Surah 30,89.43,81.28,93.08,92.43,92.50,89.65,91.26,92.30,91.99,93.12,92.95,87.94,94.22,92.94,85.20,94.65,90.73,89.09,87.84,91.47,93.15,86.14,69.20,91.24,89.16,81.85,92.96,82.20,93.84,100.00,89.79,92.04,92.55,90.47,92.91,82.80,90.63,94.22,91.33,92.28,89.17,93.61,88.46,92.48,92.61,91.34,90.62,86.46,92.06,85.47,77.77,87.89,91.62,91.53,90.12,67.68,92.08,90.76,93.61,91.24,93.78,87.76,92.44,90.38,91.61,90.64,84.93,93.88,91.55,91.34,82.94,90.75,90.05,90.64,85.48,78.00,61.11,76.35,88.97,89.63,72.65,70.42,85.78,84.66,86.27,90.49,92.20,64.39,87.80,69.76,89.10,92.55,82.48,63.39,67.22,82.54,62.03,92.22,55.41,87.87,88.88,61.31,62.72,89.73,55.01,72.62,68.26,51.73,69.61,84.30,58.58,76.57,77.71,50.52
Surah 31,91.46,88.23,92.62,89.43,89.66,88.43,90.58,91.13,90.63,93.68,91.78,84.71,92.82,91.82,84.18,91.29,85.13,88.37,88.76,89.18,92.36,82.58,78.40,89.44,85.65,83.57,94.66,77.78,92.23,89.79,100.00,91.45,90.80,88.31,93.63,89.16,89.53,92.58,92.13,89.34,87.88,94.19,86.52,93.03,91.90,89.54,89.04,89.09,91.79,80.01,82.03,90.04,88.98,86.26,86.21,70.12,88.36,90.65,92.29,91.16,92.00,89.92,92.49,88.03,89.73,91.97,85.56,91.64,84.52,87.58,84.22,88.78,88.23,88.47,81.14,77.87,67.05,73.90,84.66,89.30,77.09,77.21,85.76,88.87,84.75,81.95,90.97,65.01,86.77,71.61,85.75,92.00,87.65,67.18,65.96,85.30,58.14,90.70,57.95,85.75,86.40,61.61,64.00,88.10,59.44,71.96,74.68,58.45,75.82,86.81,60.23,74.39,80.19,54.16
Surah 32,89.61,82.94,94.30,93.30,93.81,90.67,93.24,92.28,93.18,94.12,94.84,88.98,95.68,95.06,86.55,95.29,90.80,87.57,91.05,95.39,93.81,87.11,71.52,92.99,88.40,81.77,93.09,84.19,93.16,92.04,91.45,100.00,94.11,89.07,92.82,83.33,91.65,93.81,96.29,95.71,92.39,94.44,90.69,94.34,96.88,96.56,90.50,86.40,92.60,82.11,80.56,90.50,92.56,88.73,89.63,70.03,93.35,93.52,94.27,91.98,94.84,87.47,93.62,92.26,94.43,92.63,86.48,94.79,90.29,91.17,85.86,93.05,91.03,91.44,85.97,77.17,64.32,76.25,89.15,92.09,78.69,76.37,84.87,87.24,85.50,87.96,93.69,61.33,89.10,74.03,89.00,92.77,85.72,67.58,66.42,86.80,62.60,92.52,56.42,86.73,87.89,61.82,60.03,89.02,57.49,70.55,66.94,57.75,73.88,83.75,59.00,76.54,79.90,54.77
Surah 33,88.87,79.48,94.65,96.83,95.13,89.99,93.90,94.86,92.92,95.83,97.28,91.88,95.90,95.01,84.92,97.55,93.62,90.81,93.28,93.96,94.76,86.59,68.83,92.85,88.98,79.73,93.50,81.74,94.79,92.55,90.80,94.11,100.00,93.37,94.77,80.06,89.16,95.35,95.84,95.12,93.30,96.64,92.45,95.81,94.62,94.09,90.84,85.38,95.57,83.05,78.49,89.84,94.05,90.16,90.64,68.11,94.94,97.54,94.74,93.48,97.75,89.59,95.46,92.32,93.87,97.49,87.83,97.41,93.32,93.79,85.56,95.64,90.92,92.14,82.40,75.45,59.76,74.42,90.66,92.91,75.02,69.55,82.79,86.45,83.84,88.48,95.91,59.32,89.13,69.19,89.55,93.94,83.98,65.71,60.08,87.62,57.06,91.84,55.38,88.58,88.76,56.55,57.22,88.12,55.99,67.03,64.40,50.87,73.79,82.36,59.57,76.49,77.80,50.78
Surah 34,88.50,76.89,92.34,89.85,89.53,90.32,87.67,87.49,88.34,93.09,91.99,87.21,91.80,91.80,79.66,93.31,90.90,90.11,90.21,92.33,91.17,83.54,63.30,87.41,90.58,76.69,90.72,80.16,89.86,90.47,88.31,89.07,93.37,100.00,94.08,77.65,90.62,91.23,89.26,90.01,86.70,93.18,86.50,92.22,92.37,89.95,85.77,81.43,89.18,82.09,76.28,86.82,94.14,87.16,91.04,67.56,95.92,90.89,92.81,86.43,94.13,92.50,88.19,92.20,86.81,92.10,90.01,92.86,87.84,92.46,80.71,90.74,88.35,91.61,83.10,78.01,58.69,71.98,86.58,91.09,75.23,66.81,80.55,84.77,82.07,91.24,94.11,62.69,87.00,64.75,89.01,92.20,84.23,63.80,60.31,85.98,66.78,86.55,60.95,90.43,89.98,59.13,59.59,87.37,53.69,66.80,67.74,48.78,68.24,81.26,62.79,82.82,80.06,53.42
Surah 35,90.69,81.28,96.01,93.74,93.17,94.01,90.32,91.99,93.48,94.11,94.67,87.13,94.20,94.43,81.84,95.48,90.85,90.15,92.30,93.33,93.34,85.75,67.72,90.74,91.21,78.22,93.17,78.14,91.34,92.91,93.63,92.82,94.77,94.08,100.00,80.52,90.03,93.36,94.13,93.38,89.54,97.15,87.79,94.29,95.03,94.17,89.66,89.72,92.24,81.56,77.63,88.96,91.71,86.77,89.05,66.90,95.48,93.00,94.97,90.28,96.14,91.30,92.73,93.72,91.13,94.34,89.80,95.04,88.77,92.29,85.64,89.95,88.54,91.12,82.85,77.61,58.58,72.60,86.72,91.28,74.68,70.59,81.69,87.96,84.64,88.90,95.26,64.65,89.48,68.47,88.72,94.30,85.33,65.22,60.58,85.91,61.03,90.29,56.95,88.97,86.93,56.10,57.91,88.66,55.04,69.31,67.21,52.13,69.18,86.23,60.79,78.62,77.54,49.54
Surah 36,84.69,82.37,82.49,79.35,81.17,77.23,86.00,81.24,79.68,85.34,80.91,80.43,84.86,83.36,82.48,80.90,77.24,82.16,77.17,82.21,83.72,74.32,76.78,83.70,76.35,88.21,86.26,77.89,88.37,82.80,89.16,83.33,80.06,77.65,80.52,100.00,84.55,86.51,81.82,79.72,80.36,81.51,83.53,85.39,80.47,78.99,84.08,80.07,82.96,82.33,83.66,82.93,82.59,83.40,80.20,73.32,76.45,80.92,83.93,83.67,82.19,79.54,85.00,75.96,85.11,79.87,74.21,80.81,78.48,79.69,77.72,83.20,81.72,82.42,74.74,78.01,72.43,75.50,82.04,81.20,74.55,80.54,88.11,78.67,81.60,79.74,79.37,64.87,77.28,79.01,79.19,81.99,79.36,67.54,78.97,73.26,54.30,83.44,53.31,76.77,82.19,64.24,72.04,82.73,63.21,69.54,77.51,60.86,69.26,77.75,53.76,69.78,76.81,58.27
Surah 37,93.06,83.83,93.78,88.20,86.94,91.00,90.31,86.65,89.97,92.19,89.01,84.90,93.94,92.31,82.22,90.46,87.90,87.19,89.59,92.62,91.27,84.94,75.34,90.19,90.04,85.65,89.46,86.21,90.13,90.63,89.53,91.65,89.16,90.62,90.03,84.55,100.00,91.68,89.86,88.19,83.70,90.65,85.80,93.19,92.86,89.06,89.44,86.32,88.72,83.31,86.27,92.25,94.00,87.32,89.93,76.71,92.73,89.24,94.09,86.64,90.66,90.80,88.82,92.02,90.00,88.94,91.29,89.15,85.59,88.47,84.03,90.86,91.61,93.73,90.21,85.43,72.20,80.63,88.49,88.32,86.79,82.20,86.94,89.24,87.98,91.70,92.55,72.42,90.18,76.00,91.24,90.30,90.45,77.73,71.78,86.99,72.28,89.39,67.25,89.61,90.69,70.42,71.29,88.37,66.66,76.05,75.27,60.90,77.64,86.40,63.13,82.03,87.38,65.04
Surah 38,90.35,80.10,94.04,95.23,94.20,89.57,95.42,91.81,92.01,96.78,95.77,91.52,96.06,95.82,89.18,95.41,93.87,92.25,91.23,93.05,95.63,88.07,71.38,95.53,88.68,86.49,93.98,84.66,94.91,94.22,92.58,93.81,95.35,91.23,93.36,86.51,91.68,100.00,93.78,95.00,92.38,94.07,91.98,96.13,92.99,93.37,93.66,86.24,93.65,90.21,84.03,90.92,94.74,94.78,91.15,72.67,92.13,94.66,96.11,92.07,95.75,88.04,95.87,89.46,95.00,94.62,88.55,95.23,94.58,94.16,85.59,95.72,91.60,93.50,83.64,82.78,66.06,77.54,93.46,93.25,77.93,74.60,88.05,87.40,87.88,90.33,93.80,67.61,91.24,74.22,91.54,93.77,84.51,70.90,68.28,83.33,60.66,94.75,56.91,91.13,90.44,59.45,64.21,90.07,63.47,73.08,69.82,54.32,72.59,85.18,60.74,77.52,80.08,55.74
Surah 39,89.93,84.04,94.95,94.04,92.48,90.30,92.66,94.61,93.60,95.22,95.65,86.59,95.14,94.34,83.17,95.30,90.39,90.15,91.68,93.25,93.17,84.06,75.85,92.12,89.21,80.41,92.80,80.81,94.69,91.33,92.13,96.29,95.84,89.26,94.13,81.82,89.86,93.78,100.00,94.84,91.44,95.32,89.19,94.12,95.30,95.38,90.90,88.27,94.50,79.33,77.99,89.93,91.07,85.88,87.96,67.69,92.76,94.55,94.61,92.94,95.63,89.25,94.80,92.54,93.51,94.12,86.01,95.26,88.17,90.95,85.65,92.78,87.72,89.71,84.32,75.66,62.45,73.53,86.27,90.47,75.49,73.23,83.49,87.29,85.85,86.45,94.42,58.01,87.95,72.73,86.68,92.19,85.30,67.10,63.02,88.69,57.08,93.96,53.03,85.89,85.41,58.30,59.72,86.88,55.17,67.64,67.26,53.73,78.12,86.22,57.76,77.61,78.50,54.77
Surah 40,86.90,75.11,94.80,94.73,95.93,88.54,91.28,91.30,91.85,94.12,97.09,89.99,94.69,96.71,86.26,95.85,94.85,90.65,90.26,94.68,94.94,87.30,63.59,95.17,87.56,78.54,93.44,81.78,92.84,92.28,89.34,95.71,95.12,90.01,93.38,79.72,88.19,95.00,94.84,100.00,95.28,94.02,91.13,93.58,95.62,96.00,92.39,83.02,92.55,82.19,76.94,90.56,93.27,91.71,88.35,65.86,92.65,93.66,93.57,91.29,96.45,84.91,95.10,89.36,95.08,92.65,83.82,96.97,95.35,95.25,86.88,94.46,89.32,91.46,81.85,75.34,61.48,68.22,92.50,93.44,72.67,69.25,85.80,83.12,86.45,89.02,92.99,59.72,86.58,67.98,90.09,93.69,79.82,61.66,61.72,81.88,56.95,92.69,49.20,87.25,88.99,51.38,56.03,91.15,53.30,66.62,64.84,48.51,64.47,81.07,56.99,76.17,76.08,49.22
Surah 41,82.87,72.71,88.54,92.74,93.92,81.55,90.67,90.19,86.87,90.61,93.84,92.25,90.95,92.79,88.64,93.22,91.54,85.42,86.81,91.80,93.56,83.98,59.71,91.05,81.34,75.72,92.82,77.66,90.63,89.17,87.88,92.39,93.30,86.70,89.54,80.36,83.70,92.38,91.44,95.28,100.00,92.01,93.95,92.92,92.78,93.53,87.25,81.94,91.92,81.81,73.34,85.25,89.61,89.72,85.46,60.56,88.21,91.27,88.39,90.18,93.12,79.90,92.36,84.40,90.72,91.08,78.59,94.38,92.98,91.05,81.94,93.30,88.20,87.65,75.44,68.42,54.97,68.89,90.43,91.30,66.69,63.28,81.66,77.82,80.06,84.38,88.32,54.59,81.27,65.76,84.29,90.58,73.08,54.46,57.81,78.11,49.22,89.89,42.40,82.01,87.35,46.51,51.14,86.01,44.85,62.92,60.21,43.97,63.35,74.46,51.30,69.89,68.44,43.28
Surah 42,91.54,83.83,96.42,95.01,94.96,92.99,92.65,95.47,94.32,94.45,96.84,87.92,96.39,95.56,83.15,96.88,90.61,89.14,92.14,93.69,94.71,87.37,70.90,92.54,89.10,77.55,93.89,78.65,93.54,93.61,94.19,94.44,96.64,93.18,97.15,81.51,90.65,94.07,95.32,94.02,92.01,100.00,89.29,95.49,96.07,94.77,91.04,89.35,96.08,79.52,78.14,90.95,92.01,87.38,88.17,64.90,95.83,94.54,94.81,93.93,97.09,91.24,94.71,95.12,92.69,95.17,88.33,96.54,89.63,92.26,86.11,91.81,90.38,91.45,84.21,74.63,58.71,72.56,87.27,91.79,75.43,72.57,83.19,88.16,84.97,86.57,96.37,60.58,89.36,67.39,88.22,94.71,85.19,65.24,60.29,86.98,60.24,90.94,55.12,87.16,87.52,57.77,58.84,88.16,53.47,68.74,65.97,52.88,74.11,85.86,56.66,76.06,76.65,48.76
Surah 43,83.66,73.66,86.87,91.65,90.73,82.81,91.36,87.59,87.06,90.67,90.55,94.54,90.76,91.04,91.00,91.85,90.87,83.79,87.80,91.91,90.30,82.24,61.46,89.23,82.58,82.94,91.61,83.75,89.81,88.46,86.52,90.69,92.45,86.50,87.79,83.53,85.80,91.98,89.19,91.13,93.95,89.29,100.00,92.32,89.74,89.75,85.39,81.84,88.09,88.03,78.92,85.67,89.77,89.33,90.45,70.28,87.62,91.15,88.68,87.44,90.70,81.79,89.96,84.44,89.96,91.17,81.52,91.50,91.90,89.56,86.03,93.17,89.63,88.62,77.24,76.53,61.14,80.83,90.96,90.70,72.11,70.58,81.57,80.18,78.66,87.58,87.24,60.15,83.67,75.00,86.54,88.26,77.26,63.86,67.56,81.02,52.30,88.73,50.68,83.91,87.13,56.12,52.89,84.89,54.88,67.37,65.95,52.72,67.08,75.54,57.99,72.18,74.90,51.27
Surah 44,90.94,81.02,94.21,94.20,93.99,90.28,95.18,91.83,92.64,95.59,95.55,91.74,95.98,95.84,87.07,96.12,92.81,89.07,92.73,94.34,95.51,87.63,69.57,92.80,87.29,83.83,93.28,81.80,93.71,92.48,93.03,94.34,95.81,92.22,94.29,85.39,93.19,96.13,94.12,93.58,92.92,95.49,92.32,100.00,95.24,93.70,89.72,89.56,94.39,85.95,83.67,91.65,94.79,91.35,90.18,71.28,94.08,94.55,94.97,92.42,95.24,89.43,94.89,91.61,93.49,95.02,89.52,95.49,91.77,91.90,86.94,95.70,94.46,93.85,85.75,80.73,65.84,78.84,91.30,91.84,80.26,74.57,85.54,87.74,86.01,88.66,94.42,65.95,89.90,73.60,90.19,94.13,85.56,70.77,65.95,85.41,65.37,91.89,58.28,89.36,90.43,61.25,61.31,88.50,60.21,71.75,68.61,57.89,74.63,84.11,59.77,76.49,80.69,57.09
Surah 45,91.54,83.40,95.63,93.12,93.45,92.21,92.31,92.79,93.50,93.46,94.67,88.95,96.30,95.85,85.39,95.68,91.69,87.98,91.94,95.97,94.42,87.10,69.82,93.03,89.24,79.67,94.75,82.20,91.96,92.61,91.90,96.88,94.62,92.37,95.03,80.47,92.86,92.99,95.30,95.62,92.78,96.07,89.74,95.24,100.00,96.81,89.69,87.52,93.36,80.17,80.55,92.41,93.67,88.49,90.26,69.33,95.95,93.57,95.07,91.20,95.90,89.38,92.88,94.68,92.55,93.46,88.62,94.92,90.51,92.48,84.75,92.77,92.35,92.91,86.68,77.73,64.25,74.23,89.83,92.66,79.70,74.91,84.56,88.21,86.77,89.24,95.27,64.99,89.47,69.14,91.05,94.11,86.36,66.86,62.88,87.24,66.72,92.45,58.15,89.10,90.55,60.53,59.19,90.11,55.29,71.68,68.35,54.50,73.37,84.60,60.33,79.42,80.05,53.00
Surah 46,86.17,79.42,93.45,93.38,93.56,91.12,91.05,91.10,91.73,92.18,94.40,88.27,94.34,94.26,84.02,95.61,89.87,86.05,88.05,94.46,94.59,87.37,63.70,91.63,86.89,77.04,92.35,79.27,91.85,91.34,89.54,96.56,94.09,89.95,94.17,78.99,89.06,93.37,95.38,96.00,93.53,94.77,89.75,93.70,96.81,100.00,88.00,84.74,91.89,81.40,75.42,88.82,91.37,88.24,88.07,62.58,94.51,92.20,93.76,89.86,95.17,85.23,92.80,93.21,91.52,91.22,85.16,95.21,90.45,91.11,82.33,91.63,87.97,90.05,81.68,74.08,57.32,70.48,87.38,91.66,73.62,70.33,81.53,82.69,83.92,87.75,93.29,60.05,87.00,68.23,87.71,92.61,80.01,60.73,60.66,84.24,56.10,91.26,52.30,84.45,86.36,56.33,53.26,87.38,49.77,65.68,59.87,48.51,68.28,78.80,54.22,75.14,75.26,46.90
Surah 47,89.61,80.40,93.60,90.45,90.07,89.16,90.48,91.34,89.05,92.64,92.38,83.82,92.60,93.31,85.32,90.48,90.10,93.60,89.14,89.49,89.86,82.38,76.72,95.27,88.24,82.10,90.67,83.36,92.83,90.62,89.04,90.50,90.84,85.77,89.66,84.08,89.44,93.66,90.90,92.39,87.25,91.04,85.39,89.72,89.69,88.00,100.00,85.25,90.76,81.30,81.43,89.58,90.27,88.90,86.53,70.60,87.83,90.24,93.70,91.82,93.14,86.61,93.42,87.71,94.51,89.90,83.56,90.91,89.50,91.60,84.47,90.27,86.25,89.11,82.50,78.30,67.46,71.80,90.15,89.40,76.99,75.05,88.00,85.61,91.96,86.35,90.91,61.07,86.07,71.13,89.28,90.76,84.46,69.61,67.15,81.96,58.91,92.81,52.34,88.11,86.68,55.98,72.54,89.24,62.09,71.70,69.84,51.42,69.48,87.72,58.11,74.95,75.88,52.60
Surah 48,87.68,83.23,89.45,84.36,83.66,89.16,87.02,88.46,88.58,86.49,86.21,79.11,87.51,86.83,77.71,85.66,80.57,82.58,86.60,85.00,84.82,78.88,73.97,83.74,81.84,77.69,85.30,73.44,86.34,86.46,89.09,86.40,85.38,81.43,89.72,80.07,86.32,86.24,88.27,83.02,81.94,89.35,81.84,89.56,87.52,84.74,85.25,100.00,86.51,76.74,77.87,85.04,83.48,77.75,80.88,66.59,85.19,85.59,88.86,87.38,85.76,84.76,87.46,87.09,85.12,86.88,83.42,85.72,77.82,79.46,84.30,83.21,84.34,84.33,81.11,75.42,62.72,77.21,78.19,81.34,73.66,74.91,78.74,85.76,81.01,79.24,87.49,59.74,85.91,73.29,81.07,86.42,85.49,72.15,64.08,85.08,60.69,85.66,56.27,81.05,77.82,63.36,63.86,78.65,56.75,68.53,66.23,60.43,75.25,89.70,54.14,68.65,73.00,52.51
Surah 49,90.63,81.96,93.18,93.80,94.33,87.51,93.60,94.84,91.92,93.37,95.78,87.03,95.22,93.24,83.96,95.21,89.18,89.11,90.21,92.33,93.70,86.11,73.17,92.05,85.44,78.45,92.14,78.07,94.03,92.06,91.79,92.60,95.57,89.18,92.24,82.96,88.72,93.65,94.50,92.55,91.92,96.08,88.09,94.39,93.36,91.89,90.76,86.51,100.00,78.84,79.26,90.23,90.62,88.16,85.70,65.72,90.90,93.43,92.67,95.99,96.03,86.68,94.49,89.80,93.81,93.56,83.45,94.80,89.05,89.71,83.57,93.50,90.27,89.99,83.53,73.91,61.32,71.99,87.87,89.94,74.50,72.16,84.35,85.55,84.59,84.87,93.96,59.08,86.76,69.43,85.99,91.84,82.35,65.05,62.88,84.53,57.75,91.32,53.27,83.94,88.36,57.29,62.97,86.26,54.35,69.02,67.34,52.79,76.25,82.47,52.67,74.81,75.88,51.47
Surah 50,78.43,68.97,80.57,83.15,81.76,79.85,86.91,77.64,80.29,87.30,81.30,88.28,83.83,83.22,86.06,83.46,84.91,81.14,80.91,83.55,84.62,78.35,60.39,82.69,78.87,89.06,83.41,82.77,85.00,85.47,80.01,82.11,83.05,82.09,81.56,82.33,83.31,90.21,79.33,82.19,81.81,79.52,88.03,85.95,80.17,81.40,81.30,76.74,78.84,100.00,78.52,79.98,86.65,89.93,88.02,73.96,80.41,83.96,86.73,78.58,82.96,78.69,84.61,77.00,83.98,83.35,78.69,82.37,86.60,83.04,78.03,87.62,83.39,83.76,73.61,81.49,65.52,80.78,87.56,82.01,71.73,68.45,80.84,77.74,77.98,86.27,79.95,66.78,83.65,74.57,85.49,81.52,74.31,67.06,69.45,74.01,56.02,84.91,58.38,85.50,82.53,59.53,58.04,79.26,64.13,73.16,68.20,50.58,59.63,74.23,59.72,69.22,74.05,56.13
Surah 51,84.48,75.15,81.23,78.60,76.68,78.74,84.02,75.89,79.03,81.63,78.33,77.83,84.16,81.46,80.34,78.36,76.77,77.43,79.79,81.91,79.81,75.43,74.56,84.41,75.34,86.91,79.61,79.46,79.18,77.77,82.03,80.56,78.49,76.28,77.63,83.66,86.27,84.03,77.99,76.94,73.34,78.14,78.92,83.67,80.55,75.42,81.43,77.87,79.26,78.52,100.00,86.65,84.14,81.96,80.27,85.97,77.62,81.89,82.66,79.46,79.22,77.08,81.29,77.34,84.01,81.28,81.95,76.58,77.38,78.83,75.93,82.56,84.64,88.56,81.82,82.53,81.60,78.90,85.29,82.75,87.19,86.90,86.18,85.83,81.31,79.88,81.22,78.31,82.89,78.83,84.13,80.18,85.65,82.34,74.33,74.65,67.74,79.41,68.91,83.50,84.75,72.17,76.74,80.72,77.30,70.77,75.43,75.34,75.46,77.87,64.50,73.16,85.66,68.55
Surah 52,89.44,83.78,93.97,87.90,87.66,89.83,90.78,89.26,91.05,91.83,90.25,84.98,94.33,92.71,82.47,90.70,87.22,87.84,89.13,92.08,90.82,83.86,75.18,92.03,84.77,85.09,90.66,82.34,90.22,87.89,90.04,90.50,89.84,86.82,88.96,82.93,92.25,90.92,89.93,90.56,85.25,90.95,85.67,91.65,92.41,88.82,89.58,85.04,90.23,79.98,86.65,100.00,92.41,87.16,87.24,77.69,89.69,89.79,92.19,89.75,91.38,86.66,93.00,90.17,91.10,89.67,87.21,90.39,87.06,88.94,84.99,90.76,90.18,92.98,87.42,80.41,77.74,72.24,88.97,89.27,83.84,84.44,90.91,89.59,89.75,86.74,92.26,70.87,88.72,72.01,92.24,91.41,88.12,74.78,66.62,87.38,66.04,89.22,63.01,86.54,89.30,67.77,68.45,87.79,65.00,72.64,78.05,60.80,76.17,84.66,59.79,79.12,84.66,58.71
Surah 53,88.93,78.69,94.21,91.61,91.27,89.19,92.60,88.37,89.32,94.32,93.56,90.36,94.83,95.04,85.99,93.84,93.33,91.18,91.96,94.81,94.51,87.78,67.79,92.87,89.44,84.39,91.38,85.18,91.92,91.62,88.98,92.56,94.05,94.14,91.71,82.59,94.00,94.74,91.07,93.27,89.61,92.01,89.77,94.79,93.67,91.37,90.27,83.48,90.62,86.65,84.14,92.41,100.00,92.29,91.24,76.43,94.24,93.61,94.72,89.09,94.09,88.97,93.21,91.01,92.83,93.08,91.22,94.10,92.77,93.97,83.82,95.61,92.94,95.99,86.11,82.73,68.45,75.60,93.92,94.16,82.78,76.16,88.51,88.39,87.50,93.37,94.77,70.08,90.22,71.05,93.67,93.97,87.45,72.56,64.80,86.35,68.26,89.70,64.09,92.16,94.17,63.75,63.98,90.37,63.80,71.14,71.23,56.82,72.15,83.46,63.85,81.52,85.34,59.94
Surah 54,83.41,73.15,87.77,90.89,91.61,82.41,90.85,85.31,85.88,91.55,90.94,89.98,91.50,90.88,87.93,91.59,90.50,86.86,83.22,89.22,92.98,85.81,62.77,91.49,81.61,87.26,89.89,81.40,90.42,91.53,86.26,88.73,90.16,87.16,86.77,83.40,87.32,94.78,85.88,91.71,89.72,87.38,89.33,91.35,88.49,88.24,88.90,77.75,88.16,89.93,81.96,87.16,92.29,100.00,88.78,72.52,86.59,89.64,90.96,87.71,90.24,80.85,91.82,81.56,92.13,87.94,81.11,91.40,95.58,90.69,78.68,92.58,90.65,90.76,78.71,77.79,67.32,74.13,94.34,90.10,74.99,71.08,88.28,80.24,84.10,89.36,86.55,69.35,85.55,69.84,89.62,89.92,76.71,62.42,68.62,74.32,60.06,90.98,53.38,87.53,91.44,57.61,62.40,89.55,60.37,70.93,66.54,52.15,61.87,75.45,59.49,71.12,76.77,50.14
Surah 55,88.53,78.03,88.27,89.38,86.71,88.23,89.43,86.04,87.71,91.92,87.31,90.57,91.34,89.77,84.46,91.83,92.34,87.00,89.99,91.62,88.44,80.38,67.85,87.62,90.03,85.21,91.55,89.59,89.16,90.12,86.21,89.63,90.64,91.04,89.05,80.20,89.93,91.15,87.96,88.35,85.46,88.17,90.45,90.18,90.26,88.07,86.53,80.88,85.70,88.02,80.27,87.24,91.24,88.78,100.00,75.89,90.39,89.62,92.30,85.25,91.21,90.39,87.17,88.49,87.67,91.01,88.33,89.72,89.70,89.96,83.51,90.43,89.39,89.66,84.42,83.71,65.96,83.71,88.03,88.89,78.77,71.16,82.29,85.60,82.55,91.97,90.25,66.56,90.00,72.20,93.27,89.74,85.98,70.01,67.83,86.91,66.64,90.22,62.15,92.44,88.41,65.43,60.36,87.12,61.35,76.81,71.83,54.33,71.19,81.31,68.89,78.74,82.31,59.76
Surah 56,72.02,68.58,70.90,68.54,64.26,68.11,75.07,65.17,69.80,73.88,65.91,71.05,73.24,70.08,72.47,66.72,69.60,70.13,72.37,72.15,67.26,65.53,71.36,71.03,68.17,87.88,69.64,74.80,69.29,67.68,70.12,70.03,68.11,67.56,66.90,73.32,76.71,72.67,67.69,65.86,60.56,64.90,70.28,71.28,69.33,62.58,70.60,66.59,65.72,73.96,85.97,77.69,76.43,72.52,75.89,100.00,66.82,73.32,74.21,68.28,67.83,69.86,71.86,65.84,73.07,73.19,71.29,64.29,67.97,68.48,68.96,72.57,74.64,77.17,73.13,75.60,81.54,77.31,77.71,71.11,79.84,79.10,76.59,81.66,70.75,74.65,68.39,69.70,73.97,73.84,77.56,70.15,79.64,77.99,65.62,69.08,64.53,70.63,72.85,77.45,75.19,69.60,66.28,69.35,69.99,65.32,71.89,68.86,66.28,71.77,65.17,69.48,77.74,61.44
