,Surah 1,Surah 2,Surah 3,Surah 4,Surah 5,Surah 6,Surah 7,Surah 8,Surah 9,Surah 10,Surah 11,Surah 12,Surah 13,Surah 14,Surah 15,Surah 16,Surah 17,Surah 18,Surah 19,Surah 20,Surah 21,Surah 22,Surah 23,Surah 24,Surah 25,Surah 26,Surah 27,Surah 28,Surah 29,Surah 30,Surah 31,Surah 32,Surah 33,Surah 34,Surah 35,Surah 36,Surah 37,Surah 38,Surah 39,Surah 40,Surah 41,Surah 42,Surah 43,Surah 44,Surah 45,Surah 46,Surah 47,Surah 48,Surah 49,Surah 50,Surah 51,Surah 52,Surah 53,Surah 54,Surah 55,Surah 56,Surah 57,Surah 58,Surah 59,Surah 60,Surah 61,Surah 62,Surah 63,Surah 64,Surah 65,Surah 66,Surah 67,Surah 68,Surah 69,Surah 70,Surah 71,Surah 72,Surah 73,Surah 74,Surah 75,Surah 76,Surah 77,Surah 78,Surah 79,Surah 80,Surah 81,Surah 82,Surah 83,Surah 84,Surah 85,Surah 86,Surah 87,Surah 88,Surah 89,Surah 90,Surah 91,Surah 92,Surah 93,Surah 94,Surah 95,Surah 96,Surah 97,Surah 98,Surah 99,Surah 100,Surah 101,Surah 102,Surah 103,Surah 104,Surah 105,Surah 106,Surah 107,Surah 108,Surah 109,Surah 110,Surah 111,Surah 112,Surah 113,Surah 114
Surah 1,99.99997,82.71553,91.89497,87.61606,86.012634,89.36036,88.16634,88.21752,89.323784,90.131065,88.45535,80.715416,91.86548,90.014496,80.074,89.93927,86.41822,86.96186,90.16744,89.30704,88.32295,80.49662,79.28448,89.70354,90.8107,81.10577,89.7834,82.770065,89.446045,89.43242,91.45567,89.60614,88.865814,88.5029,90.68956,84.69469,93.06342,90.35283,89.928474,86.90208,82.8746,91.54471,83.65649,90.93713,91.53849,86.17344,89.607956,87.68139,90.62546,78.43288,84.4758,89.438194,88.92978,83.41229,88.53014,72.02337,90.114334,88.49323,91.390564,87.018814,91.174255,90.5675,86.66714,89.81389,89.32781,89.95913,89.126945,87.828186,82.804085,87.280945,84.21136,87.5538,89.46314,90.59543,87.79651,84.53501,70.385185,80.95226,85.03989,86.223854,83.98965,79.262955,84.98024,89.58875,85.16519,87.121895,92.28645,69.39094,88.31222,74.85213,88.64886,89.73869,91.16805,75.98322,70.75548,85.742226,71.26785,88.52037,61.380642,88.28227,88.54567,64.56803,72.48453,86.7967,63.946712,76.26851,78.909706,60.089577,80.36486,88.84182,62.97779,82.0425,85.28754,62.974884
Surah 2,82.71553,100.0,84.29464,76.18385,75.22903,84.232475,82.75314,88.31143,85.13489,83.109375,77.96345,73.573044,85.57476,79.08042,73.393524,78.64346,71.72608,77.61949,79.4687,79.45168,80.649506,72.263016,87.034546,79.40899,76.067474,80.41888,85.73718,71.73495,85.77287,81.275154,88.225914,82.94406,79.4761,76.887146,81.27774,82.37322,83.83148,80.09538,84.04456,75.10714,72.71313,83.83293,73.65678,81.017166,83.401505,79.420784,80.40329,83.22512,81.95617,68.96549,75.145584,83.781746,78.69223,73.15224,78.02597,68.58305,79.63251,80.04255,84.92588,84.08145,80.38141,81.96535,83.59038,84.62263,78.70036,80.00529,76.38168,78.29136,69.42501,73.30814,75.833374,76.495186,79.08459,77.25358,77.10183,69.95867,64.86211,71.406715,70.914314,75.67698,75.57974,79.45302,78.221634,83.54527,82.491196,73.58376,81.73485,57.257324,79.7941,68.61689,76.81788,80.532745,86.01919,65.8943,61.396564,84.4965,58.415997,82.62561,59.854324,74.61842,74.253914,73.11478,65.09875,77.17704,56.83443,68.32127,69.08603,57.844658,80.8474,84.360565,50.371933,71.127495,73.916794,48.670166
Surah 3,91.89497,84.29464,99.999985,93.545044,92.71473,94.865265,91.95782,93.37423,94.6559,94.9941,95.64871,86.56103,96.84158,96.2866,81.96083,95.096054,90.92648,92.02627,92.66624,94.40075,94.34419,88.026,73.48299,94.35702,91.31039,81.2235,92.73852,81.97105,93.35052,93.076645,92.62426,94.29855,94.64818,92.339096,96.00967,82.48979,93.7805,94.03969,94.94743,94.80205,88.53635,96.419365,86.869064,94.2062,95.63154,93.45012,93.59696,89.45243,93.17598,80.56988,81.226036,93.97396,94.20597,87.774445,88.266266,70.90257,95.482765,93.820145,96.40016,91.68315,96.15144,91.11283,94.80329,94.854774,93.69582,93.17005,89.89461,95.151505,89.45442,93.33997,86.51161,91.71266,90.2288,93.29776,86.53201,79.66097,65.29463,72.56078,88.75401,91.73128,79.58964,78.55278,86.988625,89.8251,89.645096,89.46503,96.63026,65.406265,90.67161,71.77984,91.39192,94.74299,89.069664,71.91747,65.146835,88.70628,64.9577,91.75372,60.314667,88.70368,88.653275,62.036198,65.35755,90.38297,61.521183,70.34069,70.90445,56.003006,73.60522,88.71886,59.732594,80.96747,81.96616,53.669403
Surah 4,87.61606,76.18385,93.545044,100.000015,96.11672,89.00949,92.97197,92.571,90.58142,93.80584,96.13253,90.32414,95.09924,94.734886,86.28174,96.99019,93.15944,89.52273,90.58431,92.672104,93.833206,88.13327,67.01384,93.582855,89.19771,80.600204,92.295654,79.79716,91.95515,92.429245,89.42884,93.29571,96.82788,89.85348,93.73992,79.35185,88.20082,95.23235,94.037865,94.73112,92.741,95.01458,91.65418,94.20101,93.11985,93.37827,90.45398,84.3562,93.801414,83.14946,78.602455,87.89527,91.606384,90.88647,89.38229,68.53715,92.715065,96.4752,93.16225,91.709076,95.274124,85.29331,94.056755,89.88899,94.00928,95.527725,86.50135,96.455,93.92089,93.11602,83.17632,93.75871,91.425934,91.966736,81.25639,75.06161,57.41554,77.045265,90.54958,93.03862,73.151344,69.94251,82.904396,85.47023,82.468704,88.713524,93.87631,62.34026,88.43909,72.116356,89.57311,94.466705,80.96339,65.664,62.374413,82.12559,56.989033,91.6231,53.774418,88.038216,88.558945,52.63532,57.180023,88.898674,55.267597,69.47842,63.311897,52.338093,69.65069,80.363144,61.753834,74.68893,76.166725,48.145714
Surah 5,86.012634,75.22903,92.71473,96.11672,99.99998,86.41636,92.51927,91.73114,89.89625,92.269516,97.095535,89.95278,94.15425,95.25889,87.35008,96.421646,92.53935,89.09457,88.31503,93.97361,93.66255,87.58316,61.77615,93.04578,84.861145,77.288734,92.746864,77.37794,92.153786,92.5019,89.660576,93.80538,95.13141,89.5284,93.169136,81.16817,86.936935,94.200096,92.47643,95.9344,93.91828,94.9593,90.72635,93.98986,93.44849,93.55511,90.07272,83.6603,94.32584,81.75767,76.67752,87.66427,91.271935,91.605705,86.71236,64.264565,91.515335,93.19356,91.56409,93.335106,95.41205,82.83482,94.19497,87.718094,94.94584,92.494354,82.46951,97.10303,94.38809,92.67422,82.698265,93.64459,90.53048,91.08303,80.41084,72.13,56.582516,70.785545,91.09825,93.87165,70.432816,68.40645,83.45591,82.432205,82.57148,87.84894,92.10322,59.355663,85.63361,69.908104,86.86695,93.8147,77.95529,60.089962,63.631874,78.830414,55.13492,90.77632,48.207157,85.70241,89.00274,51.371704,56.970406,91.39341,50.603825,68.31455,62.53916,53.843792,64.85605,77.261505,58.633804,70.90448,73.18476,47.460133
Surah 6,89.36036,84.232475,94.865265,89.00949,86.41636,100.0,87.09293,89.42682,92.69763,90.489685,89.52444,81.770966,92.71803,90.718765,77.16669,90.60892,85.9329,87.39023,90.45703,90.460335,89.080574,83.47274,71.41192,88.6873,91.529,78.95766,87.77523,79.92765,88.661705,89.65218,88.43256,90.6683,89.985146,90.31628,94.01461,77.22811,90.99632,89.56861,90.30105,88.54196,81.54807,92.99259,82.81039,90.277275,92.20998,91.12131,89.16198,89.15544,87.50753,79.85493,78.74121,89.82894,89.19107,82.40884,88.2344,68.113655,94.54801,89.7405,94.18166,86.78847,91.926056,90.22978,90.04253,96.453705,87.97692,89.8411,89.66393,89.95441,83.13737,87.30514,85.105064,85.902534,86.48317,88.69746,84.98537,79.905136,63.650864,75.56276,81.9046,86.668236,78.88874,77.54243,81.07075,88.64219,86.85517,86.74232,93.855965,63.923645,90.17038,71.6885,89.415825,91.37986,89.05773,72.1294,64.58839,89.1502,66.24498,86.45691,62.563972,86.57108,82.586945,66.25821,62.615788,84.61104,61.08005,69.92589,67.3144,55.600857,71.649,88.779724,59.974216,79.48888,80.34464,51.699215
Surah 7,88.16634,82.75314,91.95782,92.97197,92.51927,87.09293,99.999985,92.40987,90.790665,94.06516,93.46277,91.04837,94.84285,93.70224,89.43447,93.627525,91.0424,89.33534,91.18657,92.72311,92.95747,86.17263,73.57172,93.26356,85.261444,86.490425,91.846504,83.408844,93.09807,91.257034,90.58058,93.239685,93.8977,87.67497,90.31618,86.00252,90.31428,95.424225,92.658295,91.283455,90.66549,92.65246,91.36383,95.17565,92.314644,91.05103,90.479706,87.02208,93.60136,86.91498,84.02074,90.78212,92.60372,90.852425,89.426,75.07064,89.89327,93.35096,94.66431,92.37954,93.36144,86.12735,94.211784,88.54056,93.889786,93.59181,85.56956,92.63047,90.94236,90.56246,85.00782,94.74478,91.36759,91.81016,84.04215,78.474365,65.64435,78.98445,90.9271,91.64499,77.80311,75.4712,85.950935,87.31331,86.67318,87.277794,92.61896,63.60725,89.886826,75.079216,88.42923,90.94586,84.177895,72.143906,64.88379,84.36853,60.52599,93.05648,58.155323,87.90249,88.49595,62.833965,62.565197,85.753456,62.011696,74.82661,68.91361,56.959778,75.787796,83.7886,58.220436,76.21328,76.695015,55.556667
Surah 8,88.21752,88.31143,93.37423,92.571,91.73114,89.42682,92.40987,99.999985,93.328896,93.1095,93.80646,85.81997,94.28794,92.05953,83.03424,93.84554,87.73146,88.48792,89.800514,90.174446,91.574135,83.754715,77.08359,91.731064,85.097885,78.12562,93.49319,77.21033,95.24106,92.295334,91.13251,92.28207,94.8607,87.486984,91.98913,81.242676,86.64623,91.811676,94.61034,91.30139,90.19349,95.46611,87.59306,91.830055,92.7889,91.10399,91.34022,88.461136,94.83742,77.64166,75.89192,89.26298,88.372314,85.30544,86.03702,65.16658,90.78542,92.76301,92.73048,95.498505,94.39165,86.86031,94.80369,91.7853,91.510025,92.78674,82.47979,93.73854,87.12093,88.56971,84.11884,90.394745,87.45867,87.62367,81.79535,70.798096,60.415947,71.84325,85.32539,88.151955,72.21465,72.04231,82.755394,86.06972,86.83185,83.073494,92.74178,55.225647,85.62582,69.048744,85.50876,92.02691,83.32622,62.457508,59.99176,87.27901,55.21587,92.1455,52.388824,83.92496,83.44704,58.631916,61.604023,86.105415,51.57225,67.60482,65.6094,50.880074,77.45209,85.788765,52.921795,73.96658,73.02411,45.220802
Surah 9,89.323784,85.13489,94.6559,90.58142,89.89625,92.69763,90.790665,93.328896,100.0,93.54811,92.66926,86.596855,94.49118,93.07886,80.630264,93.25279,88.693825,87.57521,91.13042,91.66136,91.51552,84.88821,73.24723,90.48517,88.14347,80.99402,91.504684,82.039894,92.11888,91.99286,90.62517,93.17906,92.91947,88.33783,93.483246,79.684296,89.968834,92.01162,93.604126,91.85091,86.870255,94.31958,87.06161,92.64468,93.49671,91.73097,89.05462,88.58365,91.92071,80.292786,79.03017,91.04755,89.32109,85.87909,87.70637,69.80321,92.16792,91.67231,94.24562,91.41845,93.58309,88.95817,93.31144,92.92819,91.57215,92.18962,86.45906,92.706795,87.574974,89.00488,87.99135,89.892975,88.27673,88.84718,85.303276,76.92852,64.57238,74.449615,85.39137,86.65135,76.759476,75.71533,83.102844,86.95858,86.3654,85.39406,92.57356,61.40643,89.55412,70.0133,87.556564,90.57106,86.57632,68.91006,63.67646,87.83137,62.83495,91.604774,58.147587,85.06799,82.97392,63.8306,58.82281,85.38876,59.752346,69.52925,68.54186,55.15331,74.48357,87.0466,55.07959,77.37794,78.026054,51.721966
Surah 10,90.131065,83.109375,94.9941,93.80584,92.269516,90.489685,94.06516,93.1095,93.54811,100.00002,95.391914,90.08638,95.60335,95.28539,86.31735,95.47346,92.861,93.45299,92.84822,93.37735,94.725655,85.94209,74.48894,93.0834,90.14134,86.331345,94.27582,84.71978,95.96275,93.11566,93.67755,94.12312,95.82622,93.087975,94.11301,85.3366,92.18689,96.78029,95.21531,94.11527,90.60963,94.45184,90.670395,95.59269,93.45925,92.1764,92.63531,86.48579,93.3673,87.30105,81.63474,91.8256,94.3217,91.547005,91.920815,73.87555,92.84949,94.92529,96.438965,92.56838,95.894806,92.220085,96.00036,91.21582,93.74977,95.37338,89.09652,94.95179,91.40487,93.841324,87.14754,95.74494,90.349266,92.21268,86.18362,81.8096,67.24422,75.84903,90.47977,91.615204,78.54082,73.61447,87.67664,88.85282,88.28168,89.32524,94.04698,63.865353,91.024864,72.7158,90.227844,93.089966,86.84105,69.962036,65.510735,88.33726,62.127472,94.54707,59.153893,91.43755,89.02327,60.96344,63.791542,89.67326,62.899517,72.672775,72.79352,53.485786,74.67041,87.54726,62.04641,79.523384,80.26279,58.646755
Surah 11,88.45535,77.96345,95.64871,96.13253,97.095535,89.52444,93.46277,93.80646,92.66926,95.391914,100.0,89.52068,96.12491,96.66817,85.88965,97.27408,92.91589,91.36696,91.82073,94.19707,95.0252,88.420586,67.064705,94.93183,87.549065,77.96883,92.905685,79.67691,94.60339,92.951324,91.78193,94.83893,97.284515,91.99329,94.67061,80.90846,89.00548,95.769905,95.64905,97.08956,93.83917,96.83976,90.54949,95.545265,94.66993,94.395744,92.376396,86.20516,95.77759,81.301834,78.32883,90.24717,93.55864,90.94369,87.30772,65.913414,93.769295,95.85596,94.412964,94.15871,97.25248,87.14572,96.03429,90.73239,95.662636,95.13521,85.81427,97.76967,93.55692,94.690094,85.6925,95.38291,90.462074,92.18226,83.28015,75.185196,60.449593,70.28908,90.98515,93.465836,73.690056,70.17807,84.873116,85.89953,85.533646,87.190384,95.05565,59.069824,87.64288,68.28699,88.78457,94.32576,81.97107,64.24668,61.622112,83.99005,57.78832,91.904274,51.92494,87.50386,88.42225,54.132313,57.682083,89.02673,54.446877,66.353004,64.22982,52.42178,69.69415,83.20334,56.887714,74.44433,75.881805,50.09897
Surah 12,80.715416,73.573044,86.56103,90.32414,89.95278,81.770966,91.04837,85.81997,86.596855,90.08638,89.52068,100.000015,90.429756,89.96146,89.61458,90.89991,91.11887,83.63844,87.41467,91.25334,90.12417,82.37875,58.79147,87.91993,80.549286,82.02527,91.2213,82.09407,88.24202,87.94041,84.71365,88.98352,91.877205,87.20851,87.12727,80.42606,84.898796,91.52405,86.58759,89.991516,92.24593,87.921425,94.54285,91.7419,88.950874,88.27473,83.81999,79.114136,87.03322,88.2839,77.829605,84.97933,90.35963,89.98158,90.57001,71.04715,87.28033,90.27453,87.902054,86.42883,90.385124,80.48729,89.712494,83.23085,88.32205,90.47844,82.00832,90.74359,92.11015,89.89578,82.28777,92.52749,90.52166,88.33769,77.73501,74.20685,58.937134,77.29496,90.58695,90.17998,72.29444,68.01897,81.02987,79.1359,78.66552,87.00502,86.90718,62.1359,84.56829,70.69385,87.42901,88.12399,76.42949,62.673557,61.64964,79.78577,55.924763,86.99932,51.538116,84.78025,88.19724,57.63291,52.33043,83.867836,54.814583,67.5184,63.572456,50.76273,64.26843,73.69978,57.83861,73.405685,73.778625,49.74444
Surah 13,91.86548,85.57476,96.84158,95.09924,94.15425,92.71803,94.84285,94.28794,94.49118,95.60335,96.12491,90.429756,100.000015,96.53229,86.119354,96.80122,92.10828,89.99982,91.974045,95.34194,95.53697,89.15659,73.48839,95.45913,89.230515,84.57511,94.56842,84.66706,94.722664,94.21619,92.816414,95.67727,95.90394,91.79617,94.20339,84.85679,93.94477,96.06388,95.13902,94.69408,90.9518,96.39131,90.75512,95.97897,96.3015,94.337204,92.60347,87.50558,95.22462,83.83428,84.160675,94.33188,94.834694,91.50012,91.33837,73.23956,95.27401,95.06727,96.33962,92.89206,96.527985,89.29449,95.555984,94.06674,95.33273,94.37726,89.573975,95.7754,92.52416,93.25362,85.052704,94.429726,93.6985,94.55835,87.499794,81.044464,66.47032,77.054054,91.73614,92.81424,80.93399,79.94966,88.16854,90.04443,88.056465,90.28454,96.042175,67.11014,91.67071,72.92726,93.10123,94.59213,87.46378,72.45522,67.674965,86.75276,65.59037,92.90201,60.18874,89.534065,90.76438,64.382706,63.124073,90.46806,62.013947,72.136475,70.70177,58.917557,77.09819,85.75806,59.726322,79.30043,82.68717,54.726387
Surah 14,90.014496,79.08042,96.2866,94.734886,95.25889,90.718765,93.70224,92.05953,93.07886,95.28539,96.66817,89.96146,96.53229,99.99999,87.77072,96.5126,94.491646,92.31111,91.41066,95.66916,95.00804,87.52249,68.03381,95.15083,90.08652,81.29102,93.937874,84.42053,93.36624,92.941666,91.82412,95.05747,95.01251,91.79555,94.43156,83.35602,92.30768,95.81501,94.34322,96.71085,92.792725,95.56413,91.04158,95.840164,95.8466,94.259285,93.31199,86.831245,93.2423,83.22312,81.455666,92.7084,95.03938,90.88072,89.766,70.08289,94.28754,94.1505,95.688354,91.750595,96.23262,89.424484,94.96411,92.12697,95.76997,93.780205,88.75336,96.30101,93.37669,95.579285,87.069214,95.48952,91.41453,94.26668,85.911255,78.78307,63.642895,73.18834,92.060104,94.29018,77.2597,74.33161,87.89822,87.64806,88.039314,90.17523,95.08949,64.2981,89.00444,71.86515,91.37124,94.72114,85.27601,69.71935,64.55209,84.849945,64.483734,93.21802,55.876152,90.29479,90.44473,57.5835,61.22446,91.657104,58.511116,72.99356,70.05144,55.554398,70.11849,84.82307,61.484398,79.1325,80.18589,55.21133
Surah 15,80.074,73.393524,81.96083,86.28174,87.35008,77.16669,89.43447,83.03424,80.630264,86.31735,85.88965,89.61458,86.119354,87.77072,100.00002,85.86057,85.53928,82.288605,81.6071,87.14728,86.18903,78.245316,64.44297,87.557396,76.77763,83.01182,89.02508,79.426025,86.314186,85.20406,84.180885,86.54935,84.91699,79.65611,81.84233,82.484146,82.222435,89.18011,83.17223,86.258606,88.64395,83.152405,91.001686,87.07008,85.39403,84.01683,85.319046,77.70541,83.95574,86.06105,80.342186,82.47476,85.989716,87.93442,84.45781,72.47441,79.85479,85.85232,84.7584,84.64544,84.837,74.97217,86.777115,77.171936,88.700264,84.96474,76.26998,85.15169,86.94356,85.77272,78.83628,89.769936,86.250244,85.46507,74.8791,74.62165,62.9722,78.223366,89.62652,87.7256,73.22489,71.72264,83.54496,79.02006,79.86977,82.51052,81.27685,63.820816,79.68442,74.45077,82.55634,83.93856,75.38412,62.319843,66.60703,74.93724,55.411255,86.96404,49.884205,83.36669,86.67083,58.643604,59.503723,83.00184,55.386,75.57314,67.16194,54.09044,63.27134,75.02663,59.20192,68.61974,69.90911,50.489
Surah 16,89.93927,78.64346,95.096054,96.99019,96.421646,90.60892,93.627525,93.84554,93.25279,95.47346,97.27408,90.89991,96.80122,96.5126,85.86057,100.00002,93.8156,89.91695,91.43421,95.54561,95.32763,88.67892,65.86389,93.5058,89.49703,79.45122,94.44889,81.863174,94.60933,94.65449,91.28702,95.29213,97.55447,93.312035,95.47895,80.89627,90.458496,95.411705,95.29508,95.853004,93.221436,96.87558,91.84864,96.11678,95.67757,95.60605,90.47538,85.65567,95.2054,83.46297,78.36348,90.699486,93.836395,91.589645,91.8306,66.71698,95.6875,95.4323,94.88695,93.00819,97.47839,88.84413,94.67596,92.830635,94.732834,94.94358,88.12491,97.81664,93.87816,94.571915,84.657036,95.212105,92.391174,93.4999,85.306335,77.10651,59.523922,74.74749,90.636444,93.632904,75.06393,70.656235,84.557625,86.13878,84.452774,90.56242,95.91958,63.342278,88.77114,69.250626,90.9462,95.47092,82.73786,64.65145,62.84969,85.48577,61.538887,92.7712,54.994263,89.2417,90.5578,57.459568,57.87685,90.50323,53.99778,71.59154,66.25678,53.12095,71.39036,81.23705,60.589592,76.83237,78.77897,50.696693
Surah 17,86.41822,71.72608,90.92648,93.15944,92.53935,85.9329,91.0424,87.73146,88.693825,92.861,92.91589,91.11887,92.10828,94.491646,85.53928,93.8156,99.99996,90.14891,92.58572,93.308655,91.32791,83.61999,62.112904,92.14751,88.81203,79.55109,92.00522,87.066246,89.938995,90.73046,85.13204,90.79866,93.61636,90.902176,90.84765,77.23859,87.89757,93.86897,90.39311,94.85298,91.54343,90.60747,90.872475,92.81377,91.6931,89.86613,90.09908,80.574814,89.176,84.91062,76.77494,87.219406,93.330605,90.49723,92.3417,69.597885,91.51864,92.34413,92.77211,88.07821,94.79624,86.77443,91.15897,87.27849,91.96099,93.146645,85.79558,93.657814,95.22979,94.56966,87.22926,93.85782,90.61931,90.936806,82.694885,78.5798,58.76127,74.552,93.05607,91.82163,72.46054,64.700455,82.20794,83.0587,84.28251,91.53428,92.163185,61.381405,87.035736,68.69069,91.80149,91.652275,80.379776,65.12253,58.93895,81.200096,63.12381,91.2525,52.496372,91.24498,89.69466,51.255615,55.79765,89.07868,55.31132,73.18828,66.28361,47.999817,64.31642,80.409386,63.63747,77.68228,76.005264,53.059464
Surah 18,86.96186,77.61949,92.02627,89.52273,89.09457,87.39023,89.33534,88.48792,87.57521,93.45299,91.36696,83.63844,89.99982,92.31111,82.288605,89.91695,90.14891,100.000015,89.2843,88.396454,88.35205,79.686584,72.20008,90.56838,90.59787,80.64789,89.303986,81.25789,91.527466,89.09366,88.37154,87.57134,90.8092,90.10807,90.14596,82.1608,87.19451,92.25326,90.14601,90.65186,85.42258,89.14454,83.79445,89.07243,87.98157,86.0476,93.59835,82.58437,89.113686,81.14159,77.43018,87.83781,91.18327,86.86116,87.00364,70.12773,87.02799,89.416916,92.14432,89.188774,91.899185,88.61743,91.390915,86.08682,90.30205,90.63286,84.736755,91.285515,87.347855,91.85245,81.92453,91.392204,83.71436,88.46263,81.015686,78.65798,64.964165,68.29736,86.86827,89.85005,72.17385,68.86431,85.6269,85.16984,87.60966,86.71694,90.606865,60.163593,85.48698,70.23008,86.76879,90.22035,84.23036,68.91227,65.294785,84.38417,58.81847,90.63547,54.908978,89.12144,86.620094,52.79724,69.12628,88.20508,61.666,69.644615,72.08668,50.1761,67.4374,86.456245,62.50801,79.87141,76.28878,56.582867
Surah 19,90.16744,79.4687,92.66624,90.58431,88.31503,90.45703,91.18657,89.800514,91.13042,92.84822,91.82073,87.41467,91.974045,91.41066,81.6071,91.43421,92.58572,89.2843,99.999985,91.99647,89.19696,82.03859,71.05559,89.75277,90.27105,79.31082,90.131935,83.944695,88.57425,87.84381,88.76487,91.047455,93.28405,90.210815,92.302826,77.174034,89.58845,91.22844,91.67951,90.26499,86.8134,92.13543,87.80418,92.73212,91.9424,88.04699,89.13779,86.60291,90.209755,80.90778,79.78883,89.12942,91.95943,83.22237,89.986084,72.36858,91.483696,92.85396,93.27739,89.22527,93.566124,90.2166,90.44114,90.295135,89.31711,95.70385,89.27314,91.426346,87.01083,90.65502,87.947426,91.368774,89.46059,90.28044,84.20489,80.531494,63.161583,76.23666,87.768906,89.26418,77.7362,70.67691,79.60912,89.379486,84.14921,86.79829,94.450775,61.83068,89.89878,70.04639,89.65517,90.027626,88.62393,72.86994,57.22695,89.74197,64.04709,88.76333,60.832153,90.586525,85.63849,57.706154,58.7538,84.389206,61.815445,71.815865,69.20004,54.36318,73.544395,87.563934,63.598503,80.07579,79.348564,57.19563
Surah 20,89.30704,79.45168,94.40075,92.672104,93.97361,90.460335,92.72311,90.174446,91.66136,93.37735,94.19707,91.25334,95.34194,95.66916,87.14728,95.54561,93.308655,88.396454,91.99647,100.0,93.10633,87.10301,66.1282,92.91288,88.7718,81.07403,93.86595,85.05627,91.76106,91.47139,89.18383,95.38721,93.959694,92.33239,93.32736,82.21082,92.61632,93.05154,93.252556,94.68353,91.801956,93.6911,91.91411,94.33844,95.9687,94.455154,89.493904,84.995224,92.32851,83.54696,81.9105,92.07909,94.810196,89.21845,91.62125,72.15223,94.718475,92.45275,93.791855,90.672035,95.581276,86.84211,92.198944,92.34337,93.80385,92.40085,87.38454,94.43223,91.36701,93.75211,85.188965,93.95456,92.24279,93.83344,86.78748,79.36944,63.489014,75.90723,91.69403,94.4775,78.21481,75.541275,85.2971,86.20494,85.8477,92.73728,94.72233,65.380905,88.18146,73.55652,90.86154,93.195465,84.906624,67.43684,66.02005,86.14775,64.783875,90.878845,57.67819,88.31758,91.78708,63.02749,61.51509,91.038155,56.45606,72.10205,68.7529,57.359756,70.69164,80.9465,61.253475,80.30951,81.2401,55.098045
Surah 21,88.32295,80.649506,94.34419,93.833206,93.66255,89.080574,92.95747,91.574135,91.51552,94.725655,95.0252,90.12417,95.53697,95.00804,86.18903,95.32763,91.32791,88.35205,89.19696,93.10633,99.99998,88.74255,67.68623,92.980034,87.28388,82.31862,93.19091,80.30135,93.65674,93.14797,92.35983,93.81417,94.75992,91.1686,93.34412,83.720634,91.27422,95.63077,93.17376,94.93762,93.55657,94.7087,90.303764,95.50671,94.4157,94.589714,89.85676,84.82174,93.697464,84.61904,79.81029,90.82144,94.50868,92.982735,88.44185,67.262856,93.22304,94.25647,94.4125,90.806915,95.26862,87.20903,95.375435,90.43449,93.63665,92.34952,86.34998,96.14243,93.13093,92.41825,83.507195,94.43275,91.382256,92.09555,82.25468,76.77457,61.702663,72.35286,90.752914,92.3289,76.43821,72.78651,86.6074,85.08844,86.333176,88.55409,93.55383,65.83845,88.709625,69.18846,89.5965,94.17117,81.83507,63.391716,62.754868,83.98417,58.897472,91.75688,55.13506,86.928406,90.06041,58.13377,58.060192,89.78758,56.65509,68.99415,67.37531,50.216015,70.24774,81.83677,57.59614,77.333244,78.53781,49.85231
Surah 22,80.49662,72.263016,88.026,88.13327,87.58316,83.47274,86.17263,83.754715,84.88821,85.94209,88.420586,82.37875,89.15659,87.52249,78.245316,88.67892,83.61999,79.686584,82.03859,87.10301,88.74255,100.0,59.623505,87.004875,78.762344,74.43526,83.83196,73.480354,84.23741,86.14117,82.578835,87.110886,86.5861,83.536674,85.747734,74.3226,84.94087,88.06953,84.06419,87.29538,83.981186,87.36829,82.23606,87.62758,87.10339,87.36575,82.382355,78.883224,86.10547,78.35109,75.43002,83.862045,87.777565,85.809235,80.38174,65.53215,87.55652,86.96525,86.92559,83.94373,86.97489,77.30202,87.18601,84.80632,86.827866,85.33365,82.05724,87.776764,85.87981,85.556946,77.81791,85.84782,86.07992,87.53315,79.9478,73.03962,56.844788,68.75911,85.70611,85.95661,73.61823,70.609184,78.61544,80.54347,80.434586,83.34687,86.90612,64.85032,83.94744,66.32534,85.201546,86.8462,74.67522,61.905594,57.690365,74.42797,58.445293,81.64923,67.81432,81.72791,84.410225,56.66951,53.82014,82.697426,54.255096,63.57064,57.129402,51.268623,64.128555,73.77696,52.395103,69.361725,71.31325,43.348232
Surah 23,79.28448,87.034546,73.48299,67.01384,61.77615,71.41192,73.57172,77.08359,73.24723,74.48894,67.064705,58.79147,73.48839,68.03381,64.44297,65.86389,62.112904,72.20008,71.05559,66.1282,67.68623,59.623505,99.999954,71.599075,70.32287,78.72459,72.65033,67.44414,77.0144,69.202156,78.39686,71.519325,68.834496,63.297314,67.72241,76.78328,75.3395,71.38078,75.848495,63.59448,59.713818,70.896545,61.4645,69.57243,69.81752,63.703068,76.72428,73.973694,73.1665,60.387863,74.559906,75.17683,67.78554,62.77408,67.847694,71.35729,64.96976,72.76219,74.868355,75.60673,68.98855,74.882545,73.41871,70.88886,72.055885,72.08703,66.98072,64.75824,57.567112,63.58651,68.27314,67.13502,67.71971,67.405235,71.74427,66.349236,70.68891,70.20243,62.925972,64.40045,73.8638,77.78098,73.284195,78.763016,77.19916,62.716423,70.90579,53.87609,70.193375,68.233696,68.31432,68.37834,82.1515,68.62821,60.496647,75.7237,54.749744,75.782326,57.062836,68.30436,66.09627,65.885735,73.4724,65.9722,61.238396,65.258,73.26075,55.407272,80.48998,82.47927,50.46067,64.85248,71.046875,53.387596
Surah 24,89.70354,79.40899,94.35702,93.582855,93.04578,88.6873,93.26356,91.731064,90.48517,93.0834,94.93183,87.91993,95.45913,95.15083,87.557396,93.5058,92.14751,90.56838,89.75277,92.91288,92.980034,87.004875,71.599075,99.99999,87.16353,82.52938,93.024376,83.18776,92.79298,91.24199,89.43744,92.99365,92.850044,87.410286,90.74095,83.69672,90.192154,95.52927,92.12476,95.16919,91.04709,92.54328,89.232185,92.79955,93.03102,91.62874,95.26817,83.73775,92.050674,82.69323,84.408455,92.03116,92.87105,91.48642,87.61947,71.02939,90.7154,92.57437,93.90197,91.103516,94.42352,84.146095,94.76333,89.09548,96.02494,91.287865,85.4916,93.84887,93.79387,94.01993,83.33505,93.32305,90.35549,92.29645,82.85122,79.40359,66.85253,73.076004,93.356224,92.71995,79.58708,77.19995,89.308914,85.04017,91.22008,87.8771,92.943016,66.64478,88.09361,71.43566,91.53616,92.44648,82.67933,69.43185,66.066185,80.90503,59.986305,93.41445,52.702393,87.75532,89.58521,58.32119,64.54805,90.34265,62.83897,70.75055,69.56473,53.25953,69.85952,83.72053,57.238544,75.57095,78.63828,52.04436
Surah 25,90.8107,76.067474,91.31039,89.19771,84.861145,91.529,85.261444,85.097885,88.14347,90.14134,87.549065,80.549286,89.230515,90.08652,76.77763,89.49703,88.81203,90.59787,90.27105,88.7718,87.28388,78.762344,70.32287,87.16353,100.000015,77.471855,86.91447,84.30373,86.7265,89.15819,85.649,88.40096,88.97507,90.581,91.21414,76.35497,90.03534,88.67938,89.209625,87.559105,81.33843,89.10077,82.57597,87.29399,89.23897,86.888336,88.24301,81.837204,85.44098,78.87136,75.34067,84.76639,89.44223,81.61358,90.03389,68.17044,91.68426,88.44601,91.80477,82.71625,91.077736,92.611435,85.47337,91.56434,86.62222,89.85826,90.05356,89.310425,84.15991,89.904564,81.83364,86.72309,83.87629,87.96981,84.31937,79.92129,60.324425,76.09923,81.991714,87.23747,75.78889,68.845184,79.94473,86.581924,82.52492,88.8447,91.59591,61.26995,87.11736,71.52796,88.6841,89.65404,87.578384,70.40172,62.4737,87.1937,65.38258,86.99446,59.439404,88.75771,83.76902,55.402405,61.67861,84.68664,58.70794,70.250786,71.43928,48.079647,69.241264,86.111336,66.498116,85.16533,80.11413,57.086205
Surah 26,81.10577,80.41888,81.2235,80.600204,77.288734,78.95766,86.490425,78.12562,80.99402,86.331345,77.96883,82.02527,84.57511,81.29102,83.01182,79.45122,79.55109,80.64789,79.31082,81.07403,82.31862,74.43526,78.72459,82.52938,77.471855,99.99996,82.76931,82.61892,85.12277,81.85104,83.57459,81.766525,79.72577,76.693985,78.22334,88.21382,85.64712,86.4857,80.406075,78.53598,75.720505,77.54587,82.93632,83.83122,79.66906,77.03886,82.101074,77.687225,78.448006,89.06109,86.90628,85.08923,84.39076,87.260994,85.2121,87.88478,76.42005,83.64028,85.90687,80.78785,79.37165,79.697014,85.592064,75.90349,84.381966,82.04911,77.13583,78.54065,80.79088,78.65504,77.357254,84.4929,83.578125,83.48689,77.98388,81.91905,80.736404,83.38603,85.106186,80.37157,80.44675,82.64775,87.38635,83.47026,81.35172,82.78767,78.21344,71.53044,81.952866,81.59743,84.41629,80.588524,82.41232,76.61896,74.269005,76.74284,62.178482,84.937645,64.92899,83.052,82.252625,70.269035,68.94737,80.7308,72.66155,73.874214,78.35743,65.09199,69.089386,79.1438,64.08727,72.59733,81.53711,61.40851
Surah 27,89.7834,85.73718,92.73852,92.295654,92.746864,87.77523,91.846504,93.49319,91.504684,94.27582,92.905685,91.2213,94.56842,93.937874,89.02508,94.44889,92.00522,89.303986,90.131935,93.86595,93.19091,83.83196,72.65033,93.024376,86.91447,82.76931,99.99998,83.55156,94.14289,92.96184,94.66172,93.09124,93.49621,90.72079,93.17199,86.25684,89.46268,93.98104,92.79894,93.44494,92.8224,93.89118,91.60654,93.27652,94.754974,92.35028,90.66725,85.29601,92.135704,83.40704,79.60968,90.655525,91.38118,89.88823,91.55198,69.63932,91.088394,92.21064,93.40569,91.98067,95.13008,88.03754,93.438545,89.510414,91.75986,92.70416,84.49149,94.47584,91.54819,91.86562,83.78861,92.22585,90.65916,89.97178,81.361855,76.77262,63.73377,74.48456,90.028175,92.254196,75.074554,72.878494,86.64335,84.89296,86.8704,87.95925,91.91186,63.801567,86.24676,69.1315,89.94774,93.153824,83.81372,62.043888,64.4747,85.20893,57.177788,94.47502,53.8721,88.03105,90.43635,60.138035,60.367023,91.165634,54.115902,73.50133,72.681526,51.360287,72.17655,82.761086,59.954514,76.316345,78.68347,50.20882
Surah 28,82.770065,71.73495,81.97105,79.79716,77.37794,79.92765,83.408844,77.21033,82.039894,84.71978,79.67691,82.09407,84.66706,84.42053,79.426025,81.863174,87.066246,81.25789,83.944695,85.05627,80.30135,73.480354,67.44414,83.18776,84.30373,82.61892,83.55156,100.000015,82.66583,82.20039,77.77766,84.187225,81.74484,80.15787,78.14381,77.88573,86.20606,84.662,80.80748,81.777084,77.65699,78.647766,83.749374,81.80108,82.195114,79.26587,83.36102,73.43571,78.071625,82.76996,79.46155,82.33737,85.17555,81.400276,89.58819,74.798004,80.83241,82.30164,86.068054,77.297,84.07887,83.64035,80.449554,80.251945,84.08185,83.15521,81.02566,79.88766,82.850075,83.17969,81.14244,85.85864,81.419624,83.60024,81.65494,82.007385,67.6359,78.30658,84.7878,81.186165,78.47579,72.85817,81.30895,80.9941,79.01471,84.68199,82.39127,62.240345,82.8391,73.03145,86.881485,79.33618,83.38457,74.20671,67.154594,81.19198,63.645523,84.32309,61.422466,84.32422,81.732,62.923695,62.38376,79.625854,66.64809,73.48121,72.81359,54.394524,68.87835,77.82631,62.163258,74.8234,79.82718,66.058205
Surah 29,89.446045,85.77287,93.35052,91.95515,92.153786,88.661705,93.09807,95.24106,92.11888,95.96275,94.60339,88.24202,94.722664,93.36624,86.314186,94.60933,89.938995,91.527466,88.57425,91.76106,93.65674,84.23741,77.0144,92.79298,86.7265,85.12277,94.14289,82.66583,100.000015,93.83594,92.22505,93.164444,94.785866,89.8642,91.34111,88.36657,90.12803,94.90534,94.687386,92.83675,90.6283,93.53868,89.808044,93.70851,91.96026,91.8479,92.832344,86.33691,94.02533,85.001854,79.17506,90.22403,91.9151,90.42139,89.1642,69.292076,90.68811,93.600136,94.375854,94.37583,95.122284,88.69174,95.6697,89.790115,93.92304,91.98709,82.58353,94.313484,89.93881,91.340385,84.752884,94.16725,88.62995,89.41347,84.16153,77.40227,67.384995,75.509766,88.85516,89.63673,76.214806,74.42865,88.7875,84.89111,89.114624,87.679886,92.3535,59.81881,85.769226,73.26358,87.97892,92.606316,83.62616,64.875595,68.24278,86.903534,57.35106,93.69935,55.069054,86.299194,87.382805,63.364212,66.21884,88.89037,56.20293,70.08377,71.74259,52.05203,73.99133,84.6408,55.144215,76.66145,77.92293,53.487312
Surah 30,89.43242,81.275154,93.076645,92.429245,92.5019,89.65218,91.257034,92.295334,91.99286,93.11566,92.951324,87.94041,94.21619,92.941666,85.20406,94.65449,90.73046,89.09366,87.84381,91.47139,93.14797,86.14117,69.202156,91.24199,89.15819,81.85104,92.96184,82.20039,93.83594,99.99998,89.79082,92.03519,92.5483,90.46929,92.911606,82.804436,90.63112,94.21702,91.32957,92.27747,89.16587,93.60789,88.460106,92.48356,92.60982,91.3378,90.62196,86.46338,92.060684,85.46585,77.77349,87.89408,91.61766,91.52656,90.118256,67.68186,92.08212,90.76153,93.61279,91.23613,93.77604,87.762054,92.44198,90.382095,91.61119,90.64475,84.931885,93.87871,91.550735,91.34125,82.94388,90.74757,90.0524,90.638,85.484474,78.00085,61.10646,76.34742,88.96698,89.63149,72.64884,70.41879,85.777794,84.65893,86.27413,90.48909,92.20372,64.38954,87.80032,69.76175,89.09851,92.551056,82.48034,63.394894,67.22286,82.54496,62.033527,92.215324,55.4097,87.86895,88.88402,61.311817,62.72407,89.727554,55.00929,72.62182,68.262566,51.729046,69.608185,84.304214,58.579784,76.57405,77.70528,50.51954
Surah 31,91.45567,88.225914,92.62426,89.42884,89.660576,88.43256,90.58058,91.13251,90.62517,93.67755,91.78193,84.71365,92.816414,91.82412,84.180885,91.28702,85.13204,88.37154,88.76487,89.18383,92.35983,82.578835,78.39686,89.43744,85.649,83.57459,94.66172,77.77766,92.22505,89.79082,100.000015,91.44707,90.80365,88.30524,93.631,89.15526,89.527534,92.579216,92.12862,89.34309,87.884605,94.18511,86.52233,93.0341,91.899994,89.53692,89.043526,89.090614,91.79366,80.011444,82.02537,90.039856,88.984314,86.264694,86.21341,70.12093,88.3595,90.65355,92.28888,91.158066,92.0013,89.92296,92.48801,88.03173,89.73261,91.97023,85.56408,91.64158,84.521996,87.584724,84.2223,88.77649,88.23238,88.47165,81.13959,77.8672,67.0503,73.90372,84.65943,89.30243,77.09092,77.206856,85.75626,88.86531,84.75373,81.95256,90.96692,65.01467,86.77256,71.606125,85.74863,92.001274,87.64795,67.18402,65.9552,85.30386,58.139835,90.7001,57.95444,85.74922,86.39681,61.611904,64.00066,88.10241,59.440823,71.95506,74.67897,58.451378,75.81796,86.80725,60.229088,74.38919,80.19483,54.1561
Surah 32,89.60614,82.94406,94.29855,93.29571,93.80538,90.6683,93.239685,92.28207,93.17906,94.12312,94.83893,88.98352,95.67727,95.05747,86.54935,95.29213,90.79866,87.57134,91.047455,95.38721,93.81417,87.110886,71.519325,92.99365,88.40096,81.766525,93.09124,84.187225,93.164444,92.03519,91.44707,99.99998,94.10941,89.07393,92.816086,83.332535,91.65296,93.80526,96.294876,95.711464,92.39244,94.440956,90.69056,94.34389,96.88417,96.55905,90.496185,86.404655,92.59893,82.107346,80.55969,90.503006,92.560455,88.73022,89.62557,70.03265,93.3514,93.52295,94.27374,91.981285,94.83726,87.47343,93.61547,92.26059,94.42814,92.62821,86.48319,94.788,90.28551,91.16622,85.86422,93.05061,91.025665,91.43696,85.97111,77.16689,64.32108,76.25334,89.151085,92.08543,78.693756,76.3713,84.86747,87.235535,85.5028,87.96356,93.6945,61.33375,89.10123,74.031204,89.0021,92.767075,85.71903,67.57969,66.41509,86.803734,62.59525,92.52481,56.415474,86.73086,87.88826,61.82077,60.03332,89.02039,57.487,70.55335,66.94414,57.75441,73.882744,83.75423,59.00476,76.544716,79.896255,54.765427
Surah 33,88.865814,79.4761,94.64818,96.82788,95.13141,89.985146,93.8977,94.8607,92.91947,95.82622,97.284515,91.877205,95.90394,95.01251,84.91699,97.55447,93.61636,90.8092,93.28405,93.959694,94.75992,86.5861,68.834496,92.850044,88.97507,79.72577,93.49621,81.74484,94.785866,92.5483,90.80365,94.10941,99.99998,93.36815,94.7654,80.05558,89.16388,95.3483,95.8387,95.11927,93.30443,96.64334,92.45114,95.80922,94.61635,94.094215,90.840675,85.37544,95.57134,83.047585,78.49139,89.83565,94.050705,90.16168,90.63919,68.10678,94.93768,97.54209,94.740654,93.48335,97.7466,89.588036,95.4575,92.31595,93.87212,97.49133,87.83028,97.41241,93.316864,93.79247,85.55817,95.6428,90.915825,92.14236,82.39786,75.451836,59.759396,74.42339,90.66425,92.90682,75.02372,69.5541,82.78993,86.454094,83.84184,88.47825,95.91389,59.315228,89.13262,69.186,89.54878,93.940735,83.97539,65.714195,60.07616,87.61919,57.057335,91.844215,55.382244,88.57956,88.75849,56.548523,57.220787,88.12351,55.993443,67.02976,64.40266,50.866627,73.791,82.36284,59.57263,76.48693,77.80201,50.78374
Surah 34,88.5029,76.887146,92.339096,89.85348,89.5284,90.31628,87.67497,87.486984,88.33783,93.087975,91.99329,87.20851,91.79617,91.79555,79.65611,93.312035,90.902176,90.10807,90.210815,92.33239,91.1686,83.536674,63.297314,87.410286,90.581,76.693985,90.72079,80.15787,89.8642,90.46929,88.30524,89.07393,93.36815,99.99998,94.078896,77.65259,90.62177,91.23384,89.26451,90.01274,86.697784,93.181465,86.50235,92.21861,92.366615,89.95077,85.771126,81.425545,89.17539,82.09229,76.27694,86.81556,94.14347,87.159386,91.04384,67.55598,95.91951,90.89275,92.80855,86.433395,94.127205,92.50328,88.18834,92.1958,86.80993,92.09716,90.00715,92.85566,87.84456,92.45694,80.70542,90.74131,88.34765,91.611015,83.0965,78.00969,58.68715,71.97986,86.57582,91.08568,75.23039,66.807976,80.55092,84.7699,82.07083,91.239395,94.10652,62.690388,87.00173,64.745964,89.01359,92.199844,84.2333,63.799522,60.308384,85.97646,66.778145,86.54767,60.951733,90.42722,89.98117,59.13215,59.58612,87.37353,53.68973,66.79824,67.742195,48.7841,68.24438,81.26254,62.78732,82.81695,80.05611,53.41729
Surah 35,90.68956,81.27774,96.00967,93.73992,93.169136,94.01461,90.31618,91.98913,93.483246,94.11301,94.67061,87.12727,94.20339,94.43156,81.84233,95.47895,90.84765,90.14596,92.302826,93.32736,93.34412,85.747734,67.72241,90.74095,91.21414,78.22334,93.17199,78.14381,91.34111,92.911606,93.631,92.816086,94.7654,94.078896,100.0,80.516136,90.02592,93.35884,94.12516,93.38477,89.53898,97.15067,87.78777,94.28718,95.02845,94.17252,89.65963,89.72335,92.23845,81.559975,77.62859,88.96118,91.70814,86.766495,89.04712,66.89698,95.47505,93.000084,94.974556,90.27542,96.13526,91.30136,92.73268,93.715546,91.13496,94.335724,89.80229,95.04417,88.76589,92.28743,85.64177,89.95037,88.53871,91.118805,82.85445,77.61365,58.582123,72.60413,86.72268,91.27523,74.68301,70.58693,81.6932,87.95603,84.63997,88.90417,95.26284,64.65128,89.48456,68.47305,88.72229,94.30489,85.32903,65.217415,60.579254,85.914085,61.03401,90.28691,56.954628,88.96929,86.93172,56.10063,57.911144,88.662796,55.04496,69.314644,67.21142,52.13125,69.17764,86.232506,60.79322,78.61943,77.54162,49.543
Surah 36,84.69469,82.37322,82.48979,79.35185,81.16817,77.22811,86.00252,81.242676,79.684296,85.3366,80.90846,80.42606,84.85679,83.35602,82.484146,80.89627,77.23859,82.1608,77.174034,82.21082,83.720634,74.3226,76.78328,83.69672,76.35497,88.21382,86.25684,77.88573,88.36657,82.804436,89.15526,83.332535,80.05558,77.65259,80.516136,100.000015,84.55087,86.510956,81.81573,79.72482,80.35651,81.506744,83.53107,85.39482,80.46639,78.99257,84.07735,80.06522,82.96309,82.33351,83.660866,82.93022,82.59028,83.397255,80.2007,73.31921,76.44573,80.92315,83.92571,83.672455,82.193405,79.54235,85.00384,75.962975,85.11267,79.8707,74.211174,80.81121,78.47926,79.685486,77.72471,83.20219,81.72164,82.41772,74.73963,78.00639,72.43406,75.50028,82.03508,81.198616,74.54661,80.53672,88.10579,78.67445,81.60393,79.73588,79.37081,64.872894,77.27739,79.005295,79.18934,81.98922,79.36098,67.53844,78.969055,73.256,54.303646,83.43686,53.313835,76.7655,82.18914,64.24235,72.038246,82.733,63.211525,69.539154,77.513016,60.862015,69.26329,77.74625,53.764786,69.78257,76.81431,58.2691
