,Surah 1,Surah 2,Surah 3,Surah 4,Surah 5,Surah 6,Surah 7,Surah 8,Surah 9,Surah 10,Surah 11,Surah 12,Surah 13,Surah 14,Surah 15,Surah 16,Surah 17,Surah 18,Surah 19,Surah 20,Surah 21,Surah 22,Surah 23,Surah 24,Surah 25,Surah 26,Surah 27,Surah 28,Surah 29,Surah 30,Surah 31,Surah 32,Surah 33,Surah 34,Surah 35,Surah 36,Surah 37,Surah 38,Surah 39,Surah 40,Surah 41,Surah 42,Surah 43,Surah 44,Surah 45,Surah 46,Surah 47,Surah 48,Surah 49,Surah 50,Surah 51,Surah 52,Surah 53,Surah 54,Surah 55,Surah 56,Surah 57,Surah 58,Surah 59,Surah 60,Surah 61,Surah 62,Surah 63,Surah 64,Surah 65,Surah 66,Surah 67,Surah 68,Surah 69,Surah 70,Surah 71,Surah 72,Surah 73,Surah 74,Surah 75,Surah 76,Surah 77,Surah 78,Surah 79,Surah 80,Surah 81,Surah 82,Surah 83,Surah 84,Surah 85,Surah 86,Surah 87,Surah 88,Surah 89,Surah 90,Surah 91,Surah 92,Surah 93,Surah 94,Surah 95,Surah 96,Surah 97,Surah 98,Surah 99,Surah 100,Surah 101,Surah 102,Surah 103,Surah 104,Surah 105,Surah 106,Surah 107,Surah 108,Surah 109,Surah 110,Surah 111,Surah 112,Surah 113,Surah 114
Surah 1,100.0,79.58778762817383,87.3236083984375,83.90910148620605,82.67010498046875,85.66737365722656,84.05953407287598,84.4161148071289,85.65587615966797,85.85072708129883,84.08425903320312,78.64471054077148,86.90914726257324,85.95489311218262,78.51565361022949,85.37296104431152,82.76581573486328,83.49100112915039,85.77957153320312,84.46086692810059,84.01130676269531,79.23420143127441,78.26812362670898,85.4101505279541,85.29900741577148,78.8510913848877,85.63858985900879,79.6881275177002,85.7430591583252,84.38441467285156,87.42881774902344,84.69586563110352,85.21805191040039,83.63675689697266,86.18778228759766,81.95214080810547,87.52034759521484,85.26820373535156,85.62500190734863,83.43237686157227,80.2314624786377,86.4119701385498,80.8770751953125,85.59782409667969,86.81572723388672,83.29398536682129,85.06403350830078,84.20373153686523,85.76130104064941,77.70784568786621,81.52011489868164,85.2640151977539,84.11199378967285,80.10215950012207,83.13240051269531,72.50631141662598,85.73686981201172,84.62395668029785,86.5329360961914,83.5407657623291,87.68684768676758,88.43986701965332,85.19131278991699,86.58544921875,85.85739707946777,86.24031066894531,84.98529815673828,84.85382843017578,82.11141014099121,84.48251152038574,82.62176322937012,84.33548927307129,86.96917152404785,87.19108963012695,85.1825180053711,82.45936584472656,73.1356258392334,80.7773609161377,83.46001625061035,84.85176658630371,84.12960815429688,81.05878829956055,82.61149406433105,88.08358192443848,85.20730972290039,86.34532356262207,90.31029510498047,72.49484825134277,62.98809015750885,77.27598190307617,87.69437408447266,62.728463888168335,85.97488212585449,77.59164047241211,75.92589950561523,85.30248069763184,75.2956714630127,87.68594169616699,68.44650077819824,86.56906127929688,85.91778945922852,68.63619041442871,73.72246360778809,85.98081398010254,68.31009674072266,77.3478012084961,79.40084838867188,63.309810638427734,80.59073829650879,88.47335243225098,69.07654762268066,82.34036254882812,82.453369140625,69.11179733276367
Surah 2,79.58778762817383,100.0,87.94694709777832,81.28054237365723,81.71051979064941,87.31884574890137,86.39307594299316,90.73095512390137,88.38371467590332,87.09564018249512,83.47536087036133,80.40570259094238,89.06155586242676,83.54105949401855,80.0626049041748,84.29630088806152,78.88618469238281,82.99412155151367,83.64642143249512,84.13592147827148,85.47951889038086,79.22907829284668,89.89739418029785,84.44857597351074,82.0713882446289,85.00395393371582,89.04323959350586,78.71125602722168,88.60822677612305,85.99591255187988,90.46989440917969,87.00279235839844,84.39540672302246,82.91485595703125,85.38459587097168,86.43200874328613,87.73600387573242,85.25302696228027,87.6269588470459,81.37549018859863,80.22937393188477,87.70079231262207,80.59518241882324,85.38442420959473,87.3347339630127,84.82875633239746,85.29203605651855,85.86850929260254,85.84487724304199,76.6844596862793,81.65012550354004,87.14045524597168,83.6686897277832,79.35464477539062,82.32341575622559,76.59610176086426,84.45870018005371,84.69865036010742,88.06726264953613,87.66802024841309,83.98647117614746,84.4626293182373,86.21624946594238,87.69876480102539,83.34486389160156,84.40678215026855,82.49711608886719,83.3114185333252,76.37869071960449,78.9951343536377,80.50712203979492,81.68730545043945,82.83282661437988,82.20530319213867,81.55961036682129,77.0073013305664,72.6726303100586,77.0644702911377,77.31480407714844,78.9336109161377,77.93868446350098,80.60873222351074,82.03371810913086,83.9356460571289,84.0534839630127,76.47438621520996,80.76351356506348,62.40005302429199,61.464240074157715,72.9399471282959,76.67106628417969,58.89589834213257,80.10750198364258,63.31400489807129,65.78788757324219,83.12844848632812,62.75185966491699,82.98868370056152,62.57337951660156,74.44366455078125,72.31119346618652,69.71642303466797,63.1964225769043,76.51160621643066,58.07822799682617,68.66814041137695,67.44851303100586,57.08840751647949,77.62512969970703,79.33926773071289,57.015602111816406,67.43900489807129,67.24359893798828,52.77893257141113
Surah 3,87.3236083984375,87.94694709777832,100.0,93.5948429107666,94.03431701660156,95.19539070129395,92.90027046203613,94.50005722045898,95.35322761535645,95.54069709777832,95.83523750305176,89.48739814758301,97.01303482055664,96.41502571105957,85.90037536621094,95.70416259765625,92.29374885559082,93.2036304473877,93.27725601196289,94.63430213928223,94.97021865844727,90.7041187286377,80.24888610839844,95.32807159423828,92.44350624084473,85.48199081420898,93.92872619628906,85.78931999206543,94.51738357543945,94.11971855163574,94.03402709960938,94.72317123413086,95.28085899353027,93.49105072021484,96.08830642700195,86.60838317871094,94.33245658874512,95.00209617614746,95.64560508728027,95.66379928588867,90.93835639953613,96.75799751281738,89.74329948425293,94.75716781616211,96.05645751953125,94.70191955566406,94.59839057922363,90.96703720092773,94.1322135925293,85.05468940734863,85.94470024108887,94.1407527923584,94.64251136779785,89.79621505737305,89.34425735473633,77.81667900085449,95.8413314819336,94.82470321655273,96.38090705871582,93.06869888305664,95.59509658813477,91.42333030700684,94.24679756164551,95.16915702819824,94.27978324890137,93.73369026184082,91.77128791809082,95.08418083190918,90.63567352294922,92.6829948425293,88.08070945739746,92.30925559997559,90.98797416687012,93.4874210357666,87.82308769226074,83.73800468444824,72.81709289550781,77.49563407897949,89.6637191772461,90.09152412414551,80.95683860778809,80.34516716003418,87.71334648132324,88.75720977783203,89.58241844177246,87.88672256469727,92.23087882995605,69.2915153503418,68.18706130981445,75.08036613464355,87.16787910461426,68.34973549842834,81.96784973144531,68.7646541595459,69.34890747070312,86.33239936828613,68.13019561767578,90.29205513000488,64.14740371704102,85.11360549926758,82.76986694335938,63.3720588684082,63.59600639343262,86.00163650512695,62.91384315490723,70.13027381896973,69.18736457824707,56.23091506958008,72.90122032165527,84.24575996398926,64.1903133392334,75.62388229370117,74.2514820098877,57.55569076538086
Surah 4,83.90910148620605,81.28054237365723,93.5948429107666,100.0,95.83086395263672,90.10543441772461,93.52713966369629,92.95531845092773,91.7596435546875,94.10966110229492,95.69347381591797,91.60658836364746,94.7939624786377,93.86652565002441,88.16479873657227,96.50997352600098,93.87368774414062,91.07313346862793,91.5124740600586,92.60813331604004,93.72486877441406,89.66198921203613,75.1784839630127,93.9559211730957,90.73579978942871,84.33571434020996,92.59749412536621,83.2957935333252,92.51387023925781,92.8564567565918,90.68261337280273,93.53824424743652,96.53544998168945,91.02298927307129,93.96151733398438,83.73884773254395,89.84525680541992,94.86104393005371,93.98117256164551,94.3815746307373,93.17660903930664,94.59056663513184,92.54831314086914,94.08002471923828,93.31119537353516,93.5686149597168,91.31674766540527,87.05018997192383,93.86235046386719,85.86962127685547,83.30939865112305,89.10462760925293,91.79586410522461,90.75491523742676,89.27097129821777,75.63432884216309,92.82074165344238,95.92510032653809,93.27762413024902,92.72985076904297,93.58682441711426,86.74970245361328,93.16535568237305,90.91477966308594,94.02042961120605,94.86338996887207,88.66401290893555,95.41475868225098,93.59106636047363,92.44418907165527,85.7148551940918,93.74774551391602,91.99030303955078,92.27218437194824,83.50967597961426,80.53268623352051,66.65133666992188,80.95141220092773,90.51371002197266,90.90018081665039,76.15978813171387,73.70982933044434,84.17473983764648,85.28596115112305,83.82980537414551,86.85578727722168,89.52350044250488,66.51974296569824,66.29962015151978,74.79232406616211,85.45502471923828,67.91621518135071,76.39555931091309,64.26766204833984,66.57954788208008,81.31532287597656,61.52237129211426,89.51447105407715,59.1359920501709,84.6738109588623,82.67477798461914,56.34549331665039,57.55287742614746,84.58349609375,57.5758171081543,68.960693359375,63.46659469604492,53.315256118774414,69.7356014251709,78.02753448486328,65.28911972045898,71.06187057495117,69.8333911895752,53.134300231933594
Surah 5,82.67010498046875,81.71051979064941,94.03431701660156,95.83086395263672,100.0,88.81959915161133,93.26738166809082,93.29167747497559,92.0378246307373,93.50090789794922,96.72425270080566,91.83598899841309,94.94898414611816,95.10260963439941,89.48791313171387,96.73605155944824,93.46701240539551,91.20932579040527,89.93316841125488,94.16535186767578,94.16755104064941,89.91764831542969,71.99065399169922,94.31137657165527,88.0006332397461,82.72212791442871,93.68326568603516,82.54317283630371,93.25133514404297,93.58487129211426,91.5182056427002,94.21946144104004,95.59715843200684,91.44906234741211,94.0218276977539,85.52557182312012,89.58684349060059,94.95534896850586,93.68508338928223,96.06465721130371,94.74532699584961,95.3509407043457,92.19940567016602,94.39211082458496,94.23511123657227,94.5280818939209,91.95631790161133,86.54456901550293,94.89749336242676,85.33677291870117,82.54951858520508,89.44574737548828,92.2297306060791,92.0684814453125,88.07237815856934,73.3111457824707,92.76582908630371,94.30009841918945,92.91010284423828,94.55948066711426,94.50730514526367,85.16981315612793,93.80361747741699,90.01641273498535,95.14072799682617,93.26495933532715,86.28592872619629,96.40521049499512,93.78831100463867,92.30914878845215,85.20131874084473,93.68364524841309,91.21861457824707,91.86731147766113,83.43289947509766,78.44997215270996,66.39757537841797,76.3812427520752,90.97847175598145,91.47290420532227,74.14584922790527,72.70016288757324,85.08721923828125,83.10197830200195,84.10793685913086,86.39468955993652,88.17195320129395,63.838966369628906,64.40184497833252,73.67889595031738,83.59390449523926,67.32294309139252,74.22925758361816,59.674217224121094,67.66165542602539,78.85741424560547,60.36698532104492,88.95576286315918,54.59025955200195,82.51994705200195,82.67988395690918,54.85934638977051,57.58144950866699,86.23267364501953,54.024431228637695,68.6533432006836,62.952110290527344,54.48147201538086,66.76684951782227,75.27526092529297,62.8080997467041,67.71614456176758,67.20480537414551,52.118534088134766
Surah 6,85.66737365722656,87.31884574890137,95.19539070129395,90.10543441772461,88.81959915161133,100.0,89.59085273742676,91.19876861572266,93.55346870422363,92.40866279602051,91.28303909301758,85.81210899353027,93.85678672790527,92.4446849822998,82.7837028503418,92.25616264343262,88.68640327453613,89.79235649108887,91.69043350219727,91.56753349304199,91.38339805603027,87.17670249938965,78.8306655883789,90.52064895629883,92.32393074035645,84.05770492553711,90.47955322265625,84.29268264770508,91.1352653503418,91.42040252685547,90.66434097290039,92.10556221008301,91.83966827392578,91.60520553588867,94.53751945495605,82.8906421661377,92.32665824890137,91.27873992919922,92.02495765686035,90.7806453704834,85.7276554107666,93.82209587097168,86.8021297454834,91.57015419006348,93.53145408630371,92.54831123352051,90.84322166442871,90.77359008789062,89.71353721618652,84.74960899353027,84.00445175170898,91.16804313659668,90.99707221984863,85.48409652709961,88.821533203125,75.74045372009277,94.84042167663574,91.56123733520508,94.68658065795898,89.21443367004395,92.2428035736084,91.09393882751465,91.09522819519043,95.71854591369629,89.78240203857422,91.07244300842285,91.43276405334473,91.23127555847168,86.37087821960449,88.60097885131836,87.30039405822754,88.32577705383301,87.94637680053711,90.32814598083496,86.66011047363281,83.89656448364258,71.76061058044434,79.54941749572754,84.88298034667969,87.03187370300293,80.99534225463867,79.71105003356934,83.82961082458496,88.20113182067871,87.68416213989258,86.18987464904785,90.78071594238281,69.01500129699707,67.502676486969,75.47201347351074,86.38227272033691,65.76845824718475,82.59798049926758,69.5080623626709,69.53877067565918,86.84055709838867,68.96031188964844,86.59275245666504,66.26854705810547,83.8268985748291,78.73221969604492,67.7044448852539,61.98228073120117,82.46660232543945,63.35918617248535,70.03532028198242,67.59751892089844,56.07653999328613,71.83431434631348,84.89723587036133,64.88484191894531,75.09526634216309,73.65611839294434,56.76103591918945
Surah 7,84.05953407287598,86.39307594299316,92.90027046203613,93.52713966369629,93.26738166809082,89.59085273742676,100.0,93.35038185119629,92.30875396728516,94.78441429138184,94.28223609924316,92.55103874206543,95.1495246887207,94.19493865966797,91.43876838684082,94.64821243286133,92.74292182922363,91.57180976867676,92.60665893554688,93.66301918029785,94.03229331970215,89.07587623596191,80.32158088684082,93.87881088256836,88.53658485412598,89.3596076965332,93.2360954284668,86.69784355163574,94.03492546081543,92.52137756347656,92.07794952392578,94.23831939697266,94.72412490844727,90.03133010864258,91.71783638000488,89.20080184936523,92.13986206054688,95.47929191589355,93.49810981750488,92.59201049804688,92.35699844360352,93.45477676391602,92.78262519836426,95.38312149047852,93.43358039855957,92.4297981262207,92.04119682312012,89.29443550109863,94.12888145446777,89.53744125366211,87.82066535949707,91.8541202545166,93.42807197570801,91.39876365661621,89.58809280395508,80.68160438537598,91.39714050292969,94.06004905700684,95.2728042602539,93.36954879760742,93.32086753845215,87.85619926452637,93.8718147277832,90.23079299926758,94.09608840942383,94.27312850952148,88.60550117492676,93.28254699707031,92.00292015075684,91.12731552124023,87.66090202331543,94.82477188110352,91.98409652709961,92.64855575561523,86.15220069885254,83.29745292663574,73.30734062194824,82.55682373046875,91.40938186645508,90.5284252166748,79.79418754577637,78.27189064025879,87.12865829467773,87.06785202026367,87.48192024230957,86.63827705383301,89.51445579528809,68.67132568359375,67.20177459716797,77.55633354187012,85.1950855255127,65.2184020280838,79.22198104858398,69.24100303649902,69.36200904846191,83.1071720123291,64.85370254516602,91.0017318725586,62.88081169128418,85.09274673461914,82.70359802246094,64.76715660095215,61.73077964782715,82.92291069030762,63.664560317993164,73.5267162322998,67.97370910644531,57.25188636779785,74.68264961242676,80.85385131835938,63.82208824157715,71.93024826049805,70.83094024658203,59.258440017700195
Surah 8,84.4161148071289,90.73095512390137,94.50005722045898,92.95531845092773,93.29167747497559,91.19876861572266,93.35038185119629,100.0,94.65091705322266,94.30715370178223,94.7308292388916,88.76679801940918,95.25110626220703,93.24263191223145,86.73977851867676,94.93964958190918,90.12962913513184,91.02370834350586,90.99983024597168,91.53301811218262,92.97346305847168,87.81166458129883,82.61400604248047,93.3282642364502,88.20882987976074,83.30970191955566,94.33663368225098,82.48060607910156,95.68774223327637,93.60712242126465,92.90231704711914,93.60989379882812,95.59266090393066,90.03421783447266,93.47978401184082,85.7850284576416,89.40482902526855,93.22299385070801,95.55263328552246,93.16351509094238,92.23697853088379,96.0004940032959,90.26098442077637,93.22713470458984,94.06189727783203,92.95363235473633,93.06600379943848,90.46653175354004,95.40542030334473,82.73074531555176,82.27249526977539,91.03569984436035,90.56298828125,87.88928604125977,87.40080261230469,73.72772979736328,92.49837684631348,94.26906204223633,94.04662895202637,96.06920051574707,94.01863479614258,88.42849159240723,94.29464149475098,93.00404167175293,92.75351333618164,93.29999923706055,86.57668113708496,94.31884574890137,88.71904754638672,89.3329029083252,86.34238624572754,91.5254955291748,88.90389633178711,89.64638328552246,84.2847957611084,77.53728675842285,69.25962448120117,76.93720436096191,87.10355758666992,87.40665817260742,75.64542770385742,75.4106559753418,84.55709648132324,85.85416030883789,87.29483413696289,83.29607963562012,88.9390983581543,61.98792266845703,64.53415107727051,72.6161003112793,82.70968246459961,66.2343487739563,78.07229804992676,61.76028251647949,65.45167350769043,85.21025276184082,60.75477981567383,89.88669967651367,58.33856964111328,81.42655181884766,78.87548828125,60.83747863769531,60.82556343078613,83.00073623657227,55.86077117919922,68.13161277770996,65.48456192016602,52.65507698059082,75.13936996459961,81.95750999450684,59.043575286865234,70.58796310424805,67.74454307556152,51.480295181274414
Surah 9,85.65587615966797,88.38371467590332,95.35322761535645,91.7596435546875,92.0378246307373,93.55346870422363,92.30875396728516,94.65091705322266,100.0,94.57987976074219,93.93452072143555,89.45635223388672,95.23113059997559,93.99947929382324,84.94798851013184,94.50882339477539,90.77368545532227,90.33558464050293,91.96042251586914,92.69535446166992,92.79767990112305,88.40131568908691,79.87257385253906,92.3449764251709,90.30064010620117,85.37071418762207,92.96993637084961,85.78736305236816,93.6058292388916,93.41823768615723,92.28392219543457,94.13724517822266,94.25303077697754,90.47770118713379,94.42400741577148,84.58244514465332,91.6522445678711,93.31658744812012,94.78631401062012,93.40121459960938,89.99348068237305,95.00864219665527,89.69049644470215,93.63274765014648,94.68818473815918,93.43435859680176,91.33962631225586,90.50625419616699,93.51580619812012,84.45731163024902,84.43390464782715,91.85411643981934,91.17232704162598,88.04465866088867,88.43649482727051,76.9302806854248,93.33598709106445,93.50175094604492,95.29233741760254,93.20866775512695,93.65824699401855,89.97318267822266,93.51291275024414,93.88474655151367,92.95174980163574,92.96892356872559,89.10273933410645,93.37782096862793,88.9155044555664,89.59557914733887,89.31731796264648,91.0038013458252,89.66730308532715,90.38479614257812,86.86246490478516,81.80110168457031,72.14298057556152,78.78458786010742,87.15671730041504,86.42950630187988,78.80105781555176,78.2045783996582,84.84636878967285,86.63157081604004,87.09531593322754,85.18572044372559,88.93403053283691,66.25002861022949,67.25070285797119,73.51041793823242,84.40762519836426,65.34309232234955,80.46039962768555,66.44518661499023,68.25177001953125,85.54907417297363,66.30580711364746,89.79937171936035,62.355634689331055,82.68617630004883,78.46863174438477,64.71413612365723,59.05250549316406,82.31023406982422,61.4962272644043,69.74053382873535,67.41034698486328,55.792110443115234,73.73662757873535,83.11246109008789,60.916778564453125,73.00889778137207,71.03950119018555,55.87370681762695
Surah 10,85.85072708129883,87.09564018249512,95.54069709777832,94.10966110229492,93.50090789794922,92.40866279602051,94.78441429138184,94.30715370178223,94.57987976074219,100.0,95.84689521789551,92.11493682861328,96.37020111083984,95.69221115112305,89.35076713562012,96.19103813171387,93.91705513000488,94.55748176574707,93.56173706054688,93.9845085144043,95.39997863769531,89.3232421875,81.08988380432129,94.15060806274414,91.94153022766113,89.28767585754395,95.2634105682373,87.7332935333252,96.4049129486084,94.37725639343262,94.72566604614258,95.16679191589355,96.36717414855957,94.1950511932373,94.97200965881348,88.78030586242676,93.41061210632324,96.82782554626465,95.8976879119873,95.08752059936523,92.5074634552002,95.20749092102051,92.63397789001465,95.83147048950195,94.77885627746582,93.74488258361816,93.93257904052734,88.88845634460449,94.32663536071777,89.84903907775879,86.39055633544922,92.87147903442383,94.92608833312988,92.20939445495605,91.80553245544434,79.95216178894043,93.95627212524414,95.66212272644043,96.64318084716797,93.83409309387207,95.21305656433105,92.6699390411377,95.56316757202148,92.6321964263916,94.29050254821777,95.1993465423584,91.43327331542969,95.22702407836914,92.15635871887207,93.51766014099121,88.93354797363281,95.59492874145508,91.1364860534668,93.16344833374023,87.63959503173828,85.53414916992188,74.19354438781738,80.15546607971191,91.11507225036621,90.32501029968262,80.45535850524902,76.9161376953125,88.43567276000977,88.2409782409668,88.83731460571289,87.8439826965332,90.49820137023926,68.427978515625,68.2246356010437,75.65123748779297,86.54197311401367,66.96267259120941,80.75460052490234,67.32906723022461,69.6383228302002,86.14759254455566,65.57637786865234,92.04219055175781,63.60866165161133,87.1268482208252,82.87253761291504,63.069467544555664,62.56269836425781,85.5660629272461,64.1529655456543,71.8356704711914,70.66422271728516,54.30961990356445,73.65231704711914,83.55686569213867,65.88900566101074,74.63223838806152,72.96350479125977,61.015045166015625
Surah 11,84.08425903320312,83.47536087036133,95.83523750305176,95.69347381591797,96.72425270080566,91.28303909301758,94.28223609924316,94.7308292388916,93.93452072143555,95.84689521789551,100.0,91.64960670471191,96.40471649169922,96.06110763549805,88.76713371276855,97.36044883728027,94.19195175170898,93.08014488220215,92.64840316772461,94.56025886535645,95.51219940185547,90.92123222351074,75.6440372467041,95.34541130065918,90.36416244506836,83.21164512634277,93.85266876220703,84.02140617370605,94.9618911743164,94.36057472229004,93.15886878967285,95.66380310058594,97.19518089294434,93.50781631469727,95.41123580932617,85.60749053955078,91.10456466674805,96.00473403930664,96.12583923339844,97.02874755859375,94.88919639587402,97.01829528808594,92.63961219787598,95.97612571716309,95.36323928833008,95.17448806762695,93.77535820007324,88.78499031066895,95.85058784484863,85.36311149597168,84.06787872314453,91.23322868347168,94.28307914733887,91.82980155944824,88.46876907348633,74.26926231384277,94.63682174682617,96.01483726501465,94.99613571166992,94.81914710998535,95.53719520568848,88.30046653747559,94.77313423156738,92.0795955657959,95.63972282409668,94.67847633361816,89.1476993560791,97.10268974304199,93.44235038757324,93.39375686645508,87.53092002868652,94.97622871398926,91.15873908996582,92.75727462768555,85.17050743103027,80.92769813537598,68.96368408203125,75.79673767089844,91.0816764831543,90.92484283447266,76.52008628845215,73.93629264831543,85.96426773071289,85.53291893005371,86.28390312194824,86.03964424133301,90.17493629455566,64.66007804870605,66.89385795593262,72.06904220581055,84.69991493225098,68.61241149902344,76.85324096679688,62.58578300476074,66.23202514648438,82.4296989440918,62.62552261352539,89.34213829040527,57.853445053100586,83.95329666137695,82.05340576171875,57.573801040649414,57.820037841796875,84.81625175476074,57.55174255371094,67.18004608154297,64.1190128326416,53.37150764465332,69.30231475830078,79.84651374816895,62.046875,70.52383804321289,69.12285041809082,54.37681198120117
Surah 12,78.64471054077148,80.40570259094238,89.48739814758301,91.60658836364746,91.83598899841309,85.81210899353027,92.55103874206543,88.76679801940918,89.45635223388672,92.11493682861328,91.64960670471191,100.0,92.34872627258301,91.35807609558105,91.37316131591797,92.74286079406738,92.88813781738281,87.44831466674805,90.00288391113281,92.88460350036621,92.09976387023926,86.28479385375977,69.97677230834961,90.29508018493652,85.35600852966309,86.37591743469238,92.90786743164062,86.36631965637207,90.51656341552734,90.49074172973633,88.04134941101074,91.1707592010498,93.26644515991211,90.0436782836914,89.51106452941895,85.37402153015137,88.28696250915527,93.23843193054199,89.41289520263672,91.86408805847168,93.62759399414062,90.38437461853027,95.3425064086914,93.06315803527832,91.13911628723145,90.86346817016602,87.52554893493652,83.17242813110352,89.4533462524414,90.40641212463379,83.58201789855957,87.6907901763916,91.93542671203613,91.22675132751465,90.68854522705078,78.07729530334473,89.66681289672852,91.80852317810059,90.17392158508301,89.33790588378906,90.85642051696777,83.4111156463623,90.59396934509277,86.65193939208984,90.1623706817627,91.91470527648926,86.12286758422852,92.12240028381348,92.53384590148926,90.3815860748291,85.07757759094238,93.06766700744629,91.08157920837402,90.00418090820312,82.0096492767334,80.01848602294922,68.27179336547852,81.05886650085449,91.128173828125,89.35895347595215,75.6950740814209,72.64430618286133,83.46426963806152,81.07220649719238,81.67904090881348,86.3214111328125,84.84742546081543,66.2329330444336,63.842029094696045,74.54141426086426,84.42800903320312,63.38323366641998,73.56068420410156,61.656837463378906,66.71907806396484,79.98090553283691,61.35655212402344,86.55160140991211,57.35955238342285,82.07171058654785,82.37092590332031,59.73490905761719,54.83891677856445,81.39256477355957,57.47316360473633,68.59131240844727,63.93625068664551,52.763322830200195,66.20445251464844,73.00886726379395,62.95936965942383,69.61638259887695,67.44631671905518,53.96348190307617
Surah 13,86.90914726257324,89.06155586242676,97.01303482055664,94.7939624786377,94.94898414611816,93.85678672790527,95.1495246887207,95.25110626220703,95.23113059997559,96.37020111083984,96.40471649169922,92.34872627258301,100.0,96.42427062988281,89.13409805297852,97.20020484924316,93.38342475891113,91.93601417541504,92.70957565307617,95.48713874816895,95.98380661010742,91.66891479492188,80.25166130065918,95.81132316589355,91.25393867492676,88.11857414245605,95.37811279296875,87.84343147277832,95.38947296142578,95.25096893310547,94.14700317382812,96.1172046661377,96.29528427124023,93.31517601013184,95.09611320495605,88.49091148376465,94.57812309265137,96.48540306091309,95.978515625,95.63598823547363,92.78012084960938,96.86982917785645,92.7415943145752,96.10581970214844,96.78565979003906,95.31998634338379,93.93845558166504,89.54565620422363,95.7071590423584,87.32053184509277,88.16709899902344,94.51407051086426,95.30929183959961,92.29290580749512,91.49032783508301,79.46613693237305,95.7776927947998,95.71402931213379,96.57555198669434,94.10674858093262,95.56406211853027,90.31408882141113,94.84502029418945,94.65335273742676,95.43491744995117,94.4334774017334,91.77504348754883,95.67179489135742,92.7609806060791,92.7272720336914,87.1576156616211,94.37549781799316,93.30377960205078,94.50785827636719,88.50132179260254,84.84500694274902,73.34803581237793,80.71796226501465,91.74751663208008,90.84908676147461,81.87585639953613,81.03632926940918,88.40262222290039,88.65315055847168,88.42594337463379,88.37851142883301,91.55053329467773,70.27745056152344,69.29522705078125,75.6113224029541,88.16990852355957,68.63529443740845,80.95136451721191,68.5394058227539,70.80617141723633,84.66296768188477,67.87565422058105,90.51458168029785,63.81724739074707,85.56679725646973,83.89350128173828,64.89677429199219,61.85495376586914,86.06283569335938,63.00335121154785,71.40776824951172,68.92695045471191,58.116764068603516,75.06034088134766,81.84757041931152,64.05244445800781,74.19317054748535,74.13838577270508,57.978092193603516
Surah 14,85.95489311218262,83.54105949401855,96.41502571105957,93.86652565002441,95.10260963439941,92.4446849822998,94.19493865966797,93.24263191223145,93.99947929382324,95.69221115112305,96.06110763549805,91.35807609558105,96.42427062988281,100.0,89.92772102355957,96.32460975646973,94.34454154968262,93.12959480285645,92.14857292175293,95.12752532958984,95.19375610351562,90.42272758483887,76.07490348815918,95.26738929748535,90.98127555847168,85.32736396789551,94.52462959289551,87.10644721984863,94.70379066467285,93.66425895690918,93.37255668640137,95.18034172058105,95.40289115905762,92.66372299194336,95.01141548156738,87.03293418884277,92.87442207336426,95.68436813354492,94.84630393981934,96.88139533996582,93.47284889221191,95.70596122741699,92.20663261413574,95.68031311035156,96.16876029968262,94.7112865447998,93.84714126586914,89.17177772521973,93.93497085571289,86.86211585998535,85.8018798828125,93.05735397338867,94.90914916992188,91.45074844360352,89.69864082336426,76.48146438598633,94.55719184875488,94.92157363891602,96.13644790649414,92.80077362060547,95.7385425567627,90.37015724182129,94.37118148803711,92.83880043029785,95.37349510192871,93.7747745513916,90.5212574005127,95.50755882263184,93.16423797607422,93.9299201965332,88.62332534790039,94.59955024719238,91.27517700195312,93.69671249389648,86.74983406066895,82.6162338256836,71.46792793273926,77.54052925109863,91.42284965515137,91.62347412109375,79.10206031799316,77.26821899414062,88.02349090576172,87.12350654602051,88.53837776184082,88.13343048095703,91.37741470336914,69.45970726013184,66.53256511688232,74.95487976074219,87.33008575439453,68.18744170665741,79.49348258972168,67.61479377746582,69.33341026306152,83.2275505065918,67.58456039428711,91.35082244873047,61.57251167297363,86.63810539245605,83.50601005554199,61.43269729614258,60.84783172607422,86.92032623291016,62.109487533569336,72.08589172363281,68.74558639526367,56.137210845947266,70.48155975341797,81.99931335449219,65.90895080566406,74.5385913848877,73.6256332397461,59.09748458862305
Surah 15,78.51565361022949,80.0626049041748,85.90037536621094,88.16479873657227,89.48791313171387,82.7837028503418,91.43876838684082,86.73977851867676,84.94798851013184,89.35076713562012,88.76713371276855,91.37316131591797,89.13409805297852,89.92772102355957,100.0,89.02888107299805,88.45893287658691,86.35260009765625,85.47860527038574,89.47660255432129,89.35483360290527,83.45570182800293,74.0949821472168,89.61936378479004,82.32913970947266,87.16355895996094,91.37678337097168,84.30619812011719,88.94902229309082,88.32002449035645,87.50237846374512,89.54570579528809,88.1651725769043,84.56928825378418,85.8514575958252,86.90103912353516,86.68311500549316,91.28081130981445,86.79228019714355,89.17024421691895,90.88269233703613,86.80839347839355,92.54818344116211,89.83638763427734,88.51502418518066,87.67292976379395,88.26546669006348,82.1346435546875,86.80042839050293,89.16227722167969,85.34049987792969,86.22584342956543,89.14591217041016,89.87941360473633,86.59614753723145,79.42141914367676,84.53414344787598,88.49906921386719,88.03762245178223,87.74125289916992,86.70271301269531,79.55900382995605,88.3372688293457,81.90664482116699,89.93216705322266,87.85511207580566,82.09432983398438,88.1495361328125,88.86972236633301,87.80636024475098,82.64589881896973,91.08035469055176,87.60714721679688,88.16342735290527,79.39972496032715,80.23722648620605,71.39911460876465,81.81865310668945,90.45940017700195,87.8118953704834,76.81038475036621,75.71466255187988,85.77689743041992,81.3809757232666,82.71199226379395,83.42598342895508,81.2625789642334,68.20327568054199,59.68941068649292,77.30720329284668,81.35783195495605,59.973620533943176,73.24346160888672,62.27298927307129,70.34123229980469,76.61447715759277,61.19082260131836,86.7090015411377,57.28193664550781,81.27451705932617,81.6123275756836,61.36370849609375,60.09372520446777,81.3909683227539,58.774980545043945,74.35391044616699,67.18045616149902,55.0329475402832,65.73995208740234,74.11310005187988,64.33180236816406,66.7537841796875,65.69295120239258,55.50992774963379
Surah 16,85.37296104431152,84.29630088806152,95.70416259765625,96.50997352600098,96.73605155944824,92.25616264343262,94.64821243286133,94.93964958190918,94.50882339477539,96.19103813171387,97.36044883728027,92.74286079406738,97.20020484924316,96.32460975646973,89.02888107299805,100.0,94.69820404052734,92.09958076477051,92.4612045288086,95.73393249511719,95.84227180480957,91.22961044311523,75.08662796020508,94.58766746520996,91.69061851501465,84.5941390991211,95.29484367370605,85.86746025085449,95.32155418395996,95.53139686584473,92.99929809570312,96.00878524780273,97.4894905090332,94.41899299621582,95.90839385986328,85.7822322845459,92.47941017150879,96.00439262390137,95.92332649230957,96.40888023376465,94.67719078063965,96.94315528869629,93.4926815032959,96.36895751953125,96.29348182678223,96.14982414245605,92.45982933044434,88.29564476013184,95.68441390991211,87.11326026916504,84.29240226745605,92.11231231689453,94.57965660095215,92.31687355041504,91.9126033782959,75.25014305114746,95.96884727478027,96.02171325683594,95.59652519226074,94.28422355651855,96.24020385742188,89.74664688110352,94.43194961547852,93.72061920166016,95.08866500854492,95.01255226135254,90.73488235473633,97.3561840057373,93.97038269042969,94.05720710754395,86.99813461303711,95.02595710754395,92.61543083190918,93.85552024841309,87.20325088500977,82.23328399658203,68.9132194519043,79.50241470336914,91.16442489624023,91.76976203918457,77.95442771911621,74.8343677520752,86.32584190368652,86.23721122741699,85.9522533416748,88.86415100097656,91.2658863067627,67.58536529541016,67.1285047531128,73.50872039794922,86.81861114501953,68.90427684783936,77.8033561706543,63.0385684967041,67.63333129882812,83.96401596069336,65.28087615966797,90.58681106567383,60.09345626831055,85.60611534118652,84.00315475463867,60.047096252441406,58.4370231628418,86.19152450561523,57.340335845947266,71.30943298339844,66.02629470825195,54.35107612609863,71.28070449829102,78.52029609680176,64.81862449645996,72.33076286315918,71.44715690612793,55.00950813293457
Surah 17,82.76581573486328,78.88618469238281,92.29374885559082,93.87368774414062,93.46701240539551,88.68640327453613,92.74292182922363,90.12962913513184,90.77368545532227,93.91705513000488,94.19195175170898,92.88813781738281,93.38342475891113,94.34454154968262,88.45893287658691,94.69820404052734,100.0,92.16479682922363,93.3598747253418,94.0238037109375,92.8904800415039,87.18698310852051,72.30707359313965,93.27392196655273,91.49031257629395,84.29092597961426,93.19588088989258,89.48040008544922,91.53087615966797,92.34774017333984,88.28497314453125,92.53108215332031,94.51126861572266,92.70341491699219,92.20112037658691,83.04019355773926,90.25207138061523,94.66414451599121,92.10115623474121,95.03299903869629,93.15881156921387,92.28592681884766,92.8857192993164,93.76000785827637,92.92906761169434,91.8264045715332,91.92083549499512,84.79011726379395,90.85561752319336,88.06781578063965,82.72056007385254,89.19760322570801,93.81087684631348,91.42625999450684,91.84355545043945,76.86431312561035,92.54108047485352,93.20053482055664,93.54455184936523,90.29836654663086,93.60088920593262,87.90925407409668,91.2724552154541,89.21933937072754,92.79823112487793,93.59677696228027,88.75386047363281,93.93485832214355,94.81868553161621,93.60602951049805,88.8177318572998,94.19094657897949,91.36840057373047,91.90495872497559,85.00126075744629,83.69756698608398,68.03609275817871,79.2923641204834,92.87994384765625,90.18345642089844,75.80606269836426,70.15813827514648,84.02923011779785,83.67943572998047,85.46979331970215,89.16361045837402,88.55755424499512,66.1895523071289,65.51203536987305,72.81168937683105,87.26044845581055,65.86950170993805,76.0257568359375,63.60093116760254,64.55453681945801,80.86219215393066,66.30350875854492,89.54389381408691,58.3487548828125,86.4593734741211,83.32383728027344,55.55274963378906,56.74227333068848,84.84914588928223,57.9099006652832,71.9574089050293,65.87515449523926,50.00928497314453,65.85883712768555,77.90494346618652,66.87688636779785,72.50323486328125,69.17991924285889,56.44293975830078
Surah 18,83.49100112915039,82.99412155151367,93.2036304473877,91.07313346862793,91.20932579040527,89.79235649108887,91.57180976867676,91.02370834350586,90.33558464050293,94.55748176574707,93.08014488220215,87.44831466674805,91.93601417541504,93.12959480285645,86.35260009765625,92.09958076477051,92.16479682922363,100.0,91.1435432434082,90.61735725402832,90.68694877624512,84.7614631652832,79.23649787902832,92.08391761779785,92.43173027038574,85.13000869750977,91.39748764038086,85.28880882263184,92.86120223999023,91.34816932678223,90.73065948486328,90.46258163452148,92.79117012023926,91.93755340576172,92.03738975524902,86.48299217224121,89.82241630554199,93.40670585632324,92.12918090820312,92.42770195007324,88.88601875305176,91.25912094116211,87.6859359741211,91.2010269165039,90.5767765045166,89.18766784667969,94.40031242370605,86.32971000671387,91.03809547424316,85.30647850036621,83.29638481140137,89.61956596374512,92.69757080078125,88.89802742004395,87.72719192504883,77.1507339477539,89.62545967102051,91.43597602844238,93.60955238342285,91.26210021972656,92.03380584716797,89.2398796081543,91.85870170593262,88.59286689758301,91.9315414428711,91.85108375549316,88.10969734191895,92.36161041259766,89.16610145568848,91.68273735046387,84.93866157531738,92.6417407989502,86.42179298400879,90.13329315185547,83.64667892456055,83.49288940429688,72.17412567138672,74.5697021484375,88.25374984741211,88.72132301330566,75.54049491882324,73.15584754943848,86.39872550964355,85.19084167480469,87.77107620239258,86.14262008666992,87.3584213256836,65.6644058227539,64.56081914901733,73.6271800994873,83.7059497833252,64.82720160484314,78.6751594543457,66.22418212890625,69.07665252685547,82.72058486938477,63.335968017578125,88.97425842285156,60.428977966308594,85.46901893615723,80.93803977966309,57.04329490661621,66.1692123413086,84.3525505065918,62.99383544921875,69.64787292480469,69.76540946960449,52.11565399169922,68.11787605285645,82.55044555664062,66.18017196655273,74.47523498535156,69.94571685791016,59.1572208404541
Surah 19,85.77957153320312,83.64642143249512,93.27725601196289,91.5124740600586,89.93316841125488,91.69043350219727,92.60665893554688,90.99983024597168,91.96042251586914,93.56173706054688,92.64840316772461,90.00288391113281,92.70957565307617,92.14857292175293,85.47860527038574,92.4612045288086,93.3598747253418,91.1435432434082,100.0,93.28749656677246,90.91583633422852,85.82088851928711,78.36893463134766,91.06388282775879,91.68943405151367,84.15524482727051,91.82995796203613,87.22853660583496,90.41048049926758,89.65001678466797,90.5931453704834,92.2243480682373,93.93778419494629,91.50930595397949,92.8504409790039,82.59788513183594,91.30108070373535,92.37392234802246,92.49289321899414,91.6359806060791,89.1688461303711,92.96011924743652,90.05242919921875,93.3372802734375,92.79750633239746,90.21228408813477,90.6105728149414,88.58395957946777,91.24419212341309,85.16132164001465,84.5090217590332,90.31534957885742,92.79378509521484,85.96468925476074,89.79365158081055,78.41915321350098,92.14206886291504,93.16645240783691,93.49106025695801,90.56706047058105,93.0282154083252,90.34313201904297,90.79078102111816,90.90499305725098,90.75398635864258,95.5219497680664,91.00671195983887,92.0627384185791,88.98003768920898,90.58615684509277,89.54429054260254,92.34702682495117,90.47779273986816,91.10714721679688,86.12853050231934,84.35416030883789,71.07829475402832,80.3691177368164,89.18546485900879,88.54559898376465,79.66347694396973,74.83856201171875,82.05988121032715,88.1772403717041,85.51886367797852,86.14138984680176,91.16053009033203,66.91877365112305,67.86516809463501,74.0044116973877,86.26816940307617,65.31144523620605,82.32948303222656,69.87519264221191,63.75211143493652,87.0598201751709,67.74987411499023,87.74399185180664,64.72049522399902,86.9061107635498,80.91899871826172,60.80104064941406,59.05511283874512,82.09148597717285,63.19174385070801,71.23704147338867,68.07317543029785,55.285888671875,73.03182792663574,83.42466354370117,67.59946250915527,74.88481330871582,72.44401359558105,60.21647262573242
