,1,2,3,4,5,6,7,8,9,10,11,12,13,14,15,16,17,18,19,20,21,22,23,24,25,26,27,28,29,30,31,32,33,34,35,36,37,38,39,40,41,42,43,44,45,46,47,48,49,50,51,52,53,54,55,56,57,58,59,60,61,62,63,64,65,66,67,68,69,70,71,72,73,74,75,76,77,78,79,80,81,82,83,84,85,86,87,88,89,90,91,92,93,94,95,96,97,98,99,100,101,102,103,104,105,106,107,108,109,110,111,112,113,114
1,0.00,1.41,2.40,1.01,0.68,1.17,3.71,0.31,0.03,2.21,1.83,4.46,0.62,0.13,5.99,2.36,2.79,4.64,6.22,6.53,3.87,1.65,4.00,0.51,3.81,7.82,3.82,2.91,1.59,0.77,1.67,1.10,1.65,2.54,2.52,3.59,7.13,5.63,0.42,2.35,2.36,0.63,4.52,5.27,1.66,0.97,0.25,1.43,0.03,2.49,5.76,3.86,4.10,6.67,13.32,7.80,1.67,2.59,2.51,2.48,1.38,4.18,3.16,2.17,0.24,2.36,1.86,6.68,8.18,4.68,4.34,2.99,4.18,7.49,9.16,3.93,6.67,6.77,6.16,11.22,9.13,4.46,3.76,12.62,2.69,5.82,5.39,4.61,7.15,10.28,5.76,6.40,1.57,1.14,6.08,12.86,1.84,0.70,7.34,1.23,5.58,6.12,4.65,2.91,5.35,0.47,0.28,0.31,3.28,4.51,3.30,9.68,1.06,0.77
2,1.41,0.00,0.05,0.22,0.82,0.20,0.59,0.79,0.81,0.08,0.04,0.58,1.50,0.76,1.79,0.03,0.02,1.99,1.64,2.34,0.97,0.90,1.94,1.07,0.60,3.55,0.80,0.28,0.90,0.72,1.63,0.78,0.75,0.48,0.72,0.91,2.81,1.61,0.22,0.58,0.20,1.06,0.94,1.97,0.32,0.75,0.87,1.35,2.07,0.40,1.92,1.90,1.92,2.71,6.92,3.98,2.27,2.85,2.19,3.21,2.23,3.48,2.16,2.55,1.23,2.83,0.13,2.30,3.37,0.69,0.50,0.18,1.05,7.24,2.92,0.20,4.51,5.83,2.61,6.09,5.66,1.14,1.05,4.35,2.36,1.44,1.49,4.19,3.86,4.43,2.47,0.36,3.07,12.63,3.23,4.36,1.23,0.05,2.47,3.59,4.32,0.10,3.92,0.95,4.23,5.80,2.66,8.51,9.71,6.19,0.56,0.50,4.05,1.20
3,2.40,0.05,0.00,0.50,0.91,0.56,0.38,1.28,1.27,0.26,0.20,0.46,1.54,0.80,1.59,0.12,0.15,1.98,1.81,2.11,0.89,1.07,1.58,1.48,0.40,2.97,0.73,0.19,1.12,1.04,1.93,1.10,0.87,0.72,0.93,1.11,2.76,1.41,0.61,0.58,0.75,1.28,1.01,1.75,0.65,1.06,0.73,1.47,2.59,0.75,1.92,1.48,1.26,2.27,4.50,2.93,2.40,2.88,2.29,3.70,3.35,3.82,3.05,3.19,1.35,3.15,0.51,2.29,3.02,0.58,0.94,0.50,0.55,5.92,3.18,0.11,2.97,5.28,2.20,5.14,4.65,0.30,0.02,4.34,1.29,1.63,1.67,3.19,3.72,3.81,2.20,0.21,3.37,12.48,0.93,2.94,2.73,0.54,0.74,3.36,2.56,2.58,2.62,1.24,2.97,8.50,2.82,5.68,13.32,6.99,1.84,2.59,3.14,1.42
4,1.01,0.22,0.50,0.00,0.43,0.15,1.03,0.61,0.66,0.42,0.35,1.16,1.02,0.64,2.37,0.46,0.37,2.44,2.25,3.29,1.54,0.41,2.41,0.90,1.01,3.71,1.36,0.18,0.77,0.47,1.14,0.22,0.40,0.14,0.13,1.55,3.50,2.15,0.05,0.07,0.36,0.80,1.35,2.26,0.06,0.36,0.61,1.27,1.64,0.04,2.18,2.25,2.70,2.18,8.44,4.41,2.04,2.37,1.82,2.84,2.06,2.75,2.25,2.11,0.06,2.66,0.45,3.47,4.38,1.77,1.41,1.08,1.63,8.42,4.61,0.30,5.19,7.18,4.18,7.47,6.34,2.46,1.18,6.76,2.43,0.57,0.24,3.87,5.27,5.63,0.39,2.32,1.48,11.57,3.99,5.44,0.24,1.35,0.86,1.43,3.60,0.34,3.41,0.10,4.42,8.09,2.61,5.36,5.14,6.42,0.66,1.92,2.92,0.17
5,0.68,0.82,0.91,0.43,0.00,0.44,1.44,0.02,0.22,0.77,0.73,1.69,0.42,0.34,3.05,0.94,0.86,2.94,3.23,3.86,2.05,0.07,3.02,0.20,1.63,4.90,1.90,0.85,0.20,0.07,0.49,0.58,0.22,0.59,0.90,2.51,4.72,3.06,0.51,0.51,0.51,0.24,2.05,4.30,0.79,0.12,0.32,0.53,1.53,0.66,3.87,4.26,3.87,3.73,9.14,6.63,1.79,1.77,1.43,2.35,1.75,2.30,1.82,1.64,0.71,1.79,1.08,5.01,5.89,2.09,2.51,1.85,2.76,10.16,5.65,1.36,6.92,8.17,4.47,8.45,8.92,3.72,2.97,8.20,5.39,2.72,0.67,7.20,6.73,8.21,0.45,3.34,0.97,9.20,3.71,6.55,1.94,2.77,0.47,0.51,6.60,0.84,0.18,2.33,0.68,5.35,0.75,4.02,4.30,5.71,2.95,6.02,1.65,0.09
6,1.17,0.20,0.56,0.15,0.44,0.00,0.96,0.49,0.77,0.23,0.20,1.12,1.21,0.47,2.22,0.32,0.30,2.62,2.19,3.32,1.37,0.50,2.13,0.84,1.01,3.83,1.20,0.18,0.67,0.68,1.05,0.42,0.59,0.10,0.26,1.63,3.35,2.02,0.29,0.20,0.23,0.41,1.15,2.43,0.19,0.75,0.54,1.29,2.01,0.10,2.64,2.19,2.37,2.37,6.81,5.26,2.23,2.63,1.63,3.08,2.06,2.76,2.21,2.40,0.34,2.55,0.21,3.31,4.75,1.71,1.56,0.91,2.47,8.35,4.45,0.62,4.85,7.05,4.27,7.32,6.52,1.28,0.89,7.48,3.41,0.43,0.50,5.27,5.35,5.64,0.88,1.86,2.71,11.03,2.70,4.90,1.73,1.61,1.30,1.22,4.58,2.07,2.35,0.01,2.31,6.39,1.56,3.64,6.33,4.99,4.17,3.19,2.48,0.45
7,3.71,0.59,0.38,1.03,1.44,0.96,0.00,1.36,1.77,0.59,0.68,0.13,2.21,1.66,0.57,0.70,0.55,1.22,0.66,1.47,0.33,1.66,0.91,2.08,0.11,1.82,0.24,0.87,1.91,1.77,2.42,1.80,1.68,1.13,1.28,0.11,1.25,0.68,1.12,1.11,1.15,1.93,0.14,0.41,1.39,1.91,1.66,2.52,3.42,0.86,0.74,0.00,0.40,1.22,5.09,1.79,3.33,3.93,2.63,4.63,3.95,4.33,3.20,3.52,2.59,4.81,1.15,0.77,1.64,0.62,0.40,0.06,1.53,2.15,0.38,1.14,0.88,1.81,0.58,2.04,0.59,2.24,1.06,3.98,0.37,3.88,2.12,0.28,0.90,2.06,2.22,1.77,5.65,14.29,0.95,1.05,6.96,0.74,1.81,4.28,0.29,2.12,3.49,3.75,5.42,6.76,4.32,11.82,9.25,6.00,3.39,1.92,5.27,2.56
8,0.31,0.79,1.28,0.61,0.02,0.49,1.36,0.00,0.25,0.98,1.13,1.63,0.57,0.15,3.15,0.96,1.02,2.99,3.13,3.75,2.17,0.18,3.14,0.38,1.51,5.00,1.90,0.75,0.32,0.15,0.62,0.50,0.06,0.65,0.63,2.07,4.41,3.07,0.37,0.48,0.27,0.08,2.00,3.62,0.77,0.06,0.02,0.60,0.97,0.64,3.42,3.26,2.97,3.18,8.97,5.43,1.22,1.84,1.81,2.72,1.40,2.61,1.29,1.86,0.15,2.49,0.86,4.06,5.66,2.71,2.65,1.65,1.58,8.49,5.00,1.47,5.62,7.16,4.52,8.55,8.63,3.92,2.34,9.20,4.68,1.61,0.16,5.93,6.17,5.50,1.41,2.17,2.98,9.62,5.08,5.74,1.07,2.15,2.20,0.30,5.89,0.60,0.51,0.44,2.17,6.66,1.88,6.43,7.32,4.37,3.36,2.84,3.45,0.87
9,0.03,0.81,1.27,0.66,0.22,0.77,1.77,0.25,0.00,1.04,1.18,1.70,0.44,0.41,3.78,0.89,1.13,3.52,3.16,4.31,2.25,0.45,3.37,0.11,1.90,5.20,2.11,0.75,0.02,0.32,0.16,0.71,0.20,0.92,0.86,2.57,5.08,3.36,0.84,0.71,0.59,0.10,2.35,4.01,1.17,0.17,0.16,0.35,1.18,1.24,3.70,3.84,3.86,4.00,9.75,6.53,1.28,1.45,1.10,2.32,1.24,2.04,2.31,1.31,0.60,1.95,1.20,4.78,6.37,3.18,2.52,1.73,3.24,11.06,5.96,2.08,7.32,9.49,5.87,9.90,9.79,3.58,2.85,9.47,5.97,1.98,0.81,8.21,7.60,8.57,1.83,3.41,0.70,12.48,6.15,7.40,2.98,3.17,2.41,0.76,6.59,1.71,2.50,1.43,2.28,6.43,1.00,2.98,8.34,4.64,5.08,5.70,1.39,1.29
10,2.21,0.08,0.26,0.42,0.77,0.23,0.59,0.98,1.04,0.00,0.12,0.84,1.54,0.84,1.69,0.20,0.06,1.87,1.93,2.66,1.31,0.96,1.90,1.20,0.87,3.58,0.90,0.18,1.13,0.72,1.70,0.91,0.76,0.41,0.50,1.16,2.67,1.52,0.43,0.36,0.22,1.18,0.96,1.59,0.30,0.76,0.53,1.68,2.44,0.46,2.05,2.13,2.35,1.69,6.43,4.29,2.57,2.89,2.33,3.11,3.09,3.41,2.84,2.77,1.21,3.63,0.73,3.00,3.39,0.93,1.02,0.57,1.03,7.16,3.52,0.26,4.32,5.83,3.23,6.62,5.68,1.64,0.78,6.07,1.88,0.58,0.44,4.12,3.90,3.99,0.68,0.71,2.25,11.22,2.06,4.50,0.63,0.89,0.50,2.77,4.09,1.40,2.14,0.38,4.46,6.98,4.04,3.72,10.55,5.83,2.19,2.37,3.86,1.39
11,1.83,0.04,0.20,0.35,0.73,0.20,0.68,1.13,1.18,0.12,0.00,0.71,1.59,1.17,1.93,0.02,0.24,1.83,1.92,2.38,1.04,0.99,2.15,1.40,0.70,3.62,0.91,0.24,0.91,0.75,1.85,0.96,0.89,0.39,0.34,1.02,2.43,1.65,0.56,0.40,0.26,1.22,0.92,2.09,0.38,1.21,0.86,1.63,2.73,0.43,1.60,1.75,1.85,2.19,6.98,4.19,2.44,2.93,2.00,3.63,3.18,3.39,2.76,3.27,1.78,4.13,0.43,2.86,3.84,0.66,1.06,0.12,0.08,5.66,3.01,0.53,4.11,4.71,2.39,6.55,5.42,1.82,1.18,5.25,1.84,0.36,1.38,4.16,2.84,3.36,2.23,0.90,3.01,9.93,2.81,4.29,2.15,0.47,0.84,1.28,3.48,0.74,4.27,0.20,4.09,6.41,2.02,6.10,9.03,5.68,0.55,2.99,4.01,0.97
12,4.46,0.58,0.46,1.16,1.69,1.12,0.13,1.63,1.70,0.84,0.71,0.00,2.03,1.56,0.76,0.86,0.70,1.18,1.14,1.55,0.34,1.46,0.84,2.21,0.07,2.87,0.30,0.52,1.49,2.07,2.21,2.02,1.43,1.20,1.47,0.00,2.18,0.47,1.19,1.19,0.97,2.03,0.40,0.87,1.64,1.73,1.79,2.57,3.41,1.32,0.60,0.78,0.45,0.65,5.68,3.31,3.61,4.24,2.69,5.19,3.18,4.16,3.23,4.03,3.68,4.54,1.66,1.31,3.04,0.66,0.77,0.72,1.11,4.38,1.16,0.64,2.41,3.87,0.78,4.68,2.75,0.94,0.53,3.17,0.51,1.28,2.51,3.24,2.74,2.18,2.87,1.85,5.45,13.06,1.95,2.93,4.74,0.88,5.39,2.66,1.72,2.25,4.07,3.25,3.01,8.19,5.09,7.86,12.85,6.67,2.09,0.42,5.25,5.82
13,0.62,1.50,1.54,1.02,0.42,1.21,2.21,0.57,0.44,1.54,1.59,2.03,0.00,0.65,3.95,1.59,1.37,4.11,3.82,4.20,3.21,0.76,4.12,0.23,2.52,5.27,2.45,1.53,0.46,0.71,0.13,1.22,0.83,1.04,1.53,3.06,5.20,3.27,1.34,1.15,0.88,0.34,2.89,4.33,1.10,0.51,1.01,0.39,0.66,1.11,3.82,3.99,4.38,5.15,10.71,6.27,0.77,1.59,0.99,2.07,0.70,2.09,0.64,1.39,0.88,1.66,1.31,5.01,6.13,2.67,2.58,2.43,2.97,9.06,5.98,2.16,6.75,8.75,4.68,8.63,7.42,1.64,2.76,9.56,4.97,1.43,1.48,7.85,6.82,7.15,1.67,4.53,2.88,14.53,4.82,6.23,2.41,2.62,3.01,0.50,3.90,1.13,1.99,1.64,1.49,5.91,0.92,7.58,9.71,4.77,4.90,9.71,2.12,1.75
14,0.13,0.76,0.80,0.64,0.34,0.47,1.66,0.15,0.41,0.84,1.17,1.56,0.65,0.00,3.50,1.13,1.27,3.27,3.07,3.91,2.27,0.02,3.39,0.34,1.52,5.12,1.86,0.75,0.26,0.05,0.34,0.36,0.09,0.41,0.76,2.78,4.68,3.07,0.36,0.27,0.57,0.35,2.24,3.26,0.99,0.13,0.12,0.43,1.57,0.82,2.99,2.52,3.09,3.13,9.94,5.55,1.63,1.68,1.34,3.55,1.62,2.47,1.84,2.09,0.01,2.21,1.15,4.59,5.06,2.41,1.70,2.43,2.19,9.04,4.69,1.85,6.56,7.96,4.32,7.78,6.80,2.24,2.35,7.05,3.72,1.64,0.67,6.29,6.11,7.52,0.58,2.42,0.93,8.15,5.16,6.54,0.07,1.98,1.18,1.17,5.86,0.73,1.57,1.27,2.50,5.69,0.93,2.81,6.23,4.71,0.46,3.28,3.27,1.38
15,5.99,1.79,1.59,2.37,3.05,2.22,0.57,3.15,3.78,1.69,1.93,0.76,3.95,3.50,0.00,1.83,1.95,0.49,0.04,0.35,1.09,2.78,0.02,4.05,1.27,1.24,0.69,2.25,3.10,3.54,4.81,3.74,2.92,2.44,2.84,1.07,0.61,0.67,3.38,2.05,2.12,3.34,0.77,1.11,3.38,3.98,3.83,3.48,6.55,1.89,0.36,1.68,1.18,0.82,2.53,0.65,5.90,6.41,5.11,7.61,7.24,7.93,6.67,6.72,5.96,7.23,2.82,0.08,0.27,1.81,2.82,1.49,2.90,0.02,0.19,2.62,0.30,0.09,1.23,1.13,1.38,3.60,2.33,1.42,3.28,2.17,3.01,1.57,1.94,0.63,4.83,3.27,6.86,9.62,1.57,0.13,7.90,6.60,4.47,4.24,1.04,2.57,7.94,3.96,6.17,6.01,6.14,7.93,8.52,8.06,7.41,4.51,6.36,5.68
16,2.36,0.03,0.12,0.46,0.94,0.32,0.70,0.96,0.89,0.20,0.02,0.86,1.59,1.13,1.83,0.00,0.08,2.24,1.84,2.67,1.07,0.55,1.91,1.15,0.72,3.29,0.90,0.14,1.17,0.95,1.50,0.50,0.75,0.05,0.54,1.08,2.66,1.63,0.50,0.45,0.48,1.28,0.95,2.03,0.77,0.65,1.17,1.85,2.34,0.32,1.91,1.79,1.99,1.58,6.70,4.63,2.71,2.93,2.33,3.48,2.32,3.09,2.99,2.91,1.22,3.41,0.20,2.41,3.70,0.83,0.71,0.63,0.43,6.68,3.38,0.16,3.27,5.85,2.70,6.31,7.41,2.39,0.52,6.51,2.18,0.25,0.54,4.54,4.72,4.99,2.06,0.49,3.40,12.19,3.27,4.95,0.45,0.40,1.50,1.21,2.22,1.36,3.09,0.79,4.58,6.37,2.70,4.61,6.26,5.36,0.01,1.83,2.98,0.06
17,2.79,0.02,0.15,0.37,0.86,0.30,0.55,1.02,1.13,0.06,0.24,0.70,1.37,1.27,1.95,0.08,0.00,1.69,1.25,2.44,1.09,1.07,2.06,1.36,0.44,3.42,0.74,0.35,1.21,0.99,1.92,1.09,1.03,0.62,0.90,1.03,2.64,1.39,0.69,0.56,0.38,1.25,0.76,1.76,0.80,1.19,1.00,1.91,2.61,0.17,1.71,1.35,1.69,1.63,6.52,4.52,2.66,3.30,2.44,3.58,2.72,4.23,2.42,2.99,1.43,3.70,0.89,2.34,3.02,1.44,0.52,0.36,0.24,5.86,3.34,0.47,4.55,5.04,3.05,5.71,4.54,1.45,1.64,6.29,2.10,0.34,1.19,4.01,2.83,3.64,0.31,0.62,3.91,8.35,3.17,3.90,3.31,0.09,0.73,1.61,4.82,0.73,1.55,0.47,2.41,5.01,1.80,5.36,10.01,5.57,0.71,1.93,4.50,1.30
18,4.64,1.99,1.98,2.44,2.94,2.62,1.22,2.99,3.52,1.87,1.83,1.18,4.11,3.27,0.49,2.24,1.69,0.00,0.34,0.58,0.68,3.13,0.04,3.68,1.41,2.00,0.96,2.07,3.25,3.23,4.42,3.14,3.13,2.53,2.79,0.78,1.34,0.26,3.21,2.47,2.44,3.66,0.90,0.24,3.04,3.81,3.11,3.74,5.84,1.46,0.01,0.49,0.36,0.27,3.17,2.09,5.34,6.08,4.81,6.97,5.96,7.19,5.50,5.86,6.54,6.34,2.51,0.67,1.37,0.53,1.65,1.00,2.01,1.92,0.93,2.12,0.67,0.11,0.08,2.92,1.18,1.82,0.17,1.93,0.03,0.92,2.09,0.36,0.60,0.26,4.47,1.41,5.87,11.72,0.06,1.18,5.78,3.29,3.71,2.90,2.37,2.94,6.29,3.19,4.51,8.17,4.57,6.68,12.09,7.59,5.24,2.36,5.62,4.38
19,6.22,1.64,1.81,2.25,3.23,2.19,0.66,3.13,3.16,1.93,1.92,1.14,3.82,3.07,0.04,1.84,1.25,0.34,0.00,0.40,0.71,2.90,0.19,3.37,1.39,1.84,0.87,1.83,3.32,3.57,4.88,3.58,3.26,2.41,2.58,0.99,0.92,0.36,2.60,2.58,2.46,3.55,0.64,0.73,2.93,3.32,3.52,3.68,5.62,2.14,0.18,1.05,0.84,0.75,4.35,1.00,5.68,6.36,4.53,7.37,6.33,6.78,5.28,6.05,5.47,6.81,2.31,0.45,1.14,1.26,1.69,1.21,2.14,1.86,0.59,2.73,0.65,0.95,0.00,2.26,0.96,2.13,1.32,2.62,2.60,3.81,2.80,0.18,0.28,0.62,3.55,1.17,6.00,12.05,0.96,0.07,7.20,3.37,4.49,4.38,0.01,4.55,7.92,4.74,6.50,8.20,5.84,6.36,14.20,8.46,3.41,5.06,6.73,3.94
20,6.53,2.34,2.11,3.29,3.86,3.32,1.47,3.75,4.31,2.66,2.38,1.55,4.20,3.91,0.35,2.67,2.44,0.58,0.40,0.00,1.39,4.05,0.08,4.66,1.89,1.22,1.35,2.49,3.88,3.54,4.62,4.31,4.11,3.12,3.23,0.99,0.35,0.91,3.37,2.91,2.71,4.33,1.03,0.88,3.02,4.77,3.98,4.22,6.27,2.33,0.47,1.43,0.95,0.61,3.42,0.80,6.42,6.92,5.77,7.57,5.87,7.99,6.70,7.08,6.02,7.86,2.97,0.18,0.43,1.24,1.97,1.78,2.64,0.01,0.20,2.53,0.08,0.25,0.44,1.67,0.50,1.90,1.93,0.38,3.28,3.38,4.23,1.90,0.94,1.64,4.28,2.28,5.69,11.46,2.94,0.36,6.67,4.27,5.21,5.39,0.11,4.28,6.50,3.74,6.81,7.51,4.41,10.68,11.74,6.02,7.76,4.74,6.53,6.33
21,3.87,0.97,0.89,1.54,2.05,1.37,0.33,2.17,2.25,1.31,1.04,0.34,3.21,2.27,1.09,1.07,1.09,0.68,0.71,1.39,0.00,2.51,0.78,2.36,0.48,1.88,0.12,1.26,2.42,2.47,3.58,2.40,2.26,1.88,1.99,0.09,1.61,0.49,2.05,1.91,1.34,2.68,0.00,0.55,2.12,2.15,2.26,3.10,4.59,0.80,0.68,0.34,0.19,0.75,5.24,2.65,4.56,4.92,3.65,5.79,4.91,5.25,4.51,4.67,3.67,6.14,1.76,1.55,2.10,0.11,1.25,0.72,0.96,4.18,1.63,1.45,1.88,2.38,1.52,3.90,1.74,1.51,0.23,3.81,0.01,1.19,1.75,1.38,1.86,2.72,1.73,0.53,5.78,10.55,0.80,2.55,4.43,1.98,1.54,3.73,2.44,0.91,3.43,2.95,6.42,6.61,3.84,6.85,13.98,7.90,1.24,2.27,4.96,2.48
22,1.65,0.90,1.07,0.41,0.07,0.50,1.66,0.18,0.45,0.96,0.99,1.46,0.76,0.02,2.78,0.55,1.07,3.13,2.90,4.05,2.51,0.00,3.01,0.70,1.43,4.63,1.67,0.70,0.23,0.20,1.25,0.19,0.10,0.39,0.35,2.24,4.07,2.55,0.41,0.35,0.52,0.35,2.31,3.11,0.23,0.10,0.28,0.53,1.40,0.75,3.11,2.87,3.11,2.30,3.23,5.06,1.79,2.13,1.48,2.97,1.81,2.49,2.17,2.19,1.43,2.43,0.35,3.94,4.48,1.82,2.01,1.79,1.58,8.61,3.82,1.66,3.99,7.90,3.08,7.91,8.27,1.35,1.15,5.25,3.58,1.58,0.01,5.75,6.45,5.86,2.21,2.03,1.83,10.38,3.00,3.91,0.68,1.62,1.74,0.80,4.54,1.32,1.54,1.13,4.44,6.87,2.80,2.86,4.83,6.26,0.01,0.99,3.04,0.01
23,4.00,1.94,1.58,2.41,3.02,2.13,0.91,3.14,3.37,1.90,2.15,0.84,4.12,3.39,0.02,1.91,2.06,0.04,0.19,0.08,0.78,3.01,0.00,4.20,1.27,1.58,0.72,2.43,2.87,3.30,4.93,3.66,3.52,2.35,2.75,0.90,0.84,0.18,2.50,2.46,2.52,3.86,0.86,0.98,3.24,3.70,3.49,4.22,5.36,1.68,0.73,1.12,0.96,0.22,1.78,1.98,5.18,6.38,5.35,6.94,6.81,7.54,5.49,6.62,5.31,7.75,2.57,0.33,1.37,1.30,2.88,0.96,2.98,2.10,0.34,2.92,0.83,0.53,0.88,2.34,0.13,2.46,1.99,0.69,1.62,2.21,2.80,0.52,0.90,0.99,4.70,2.14,7.37,11.09,2.34,0.27,7.06,2.28,4.96,4.61,0.78,2.90,6.39,3.97,5.61,7.35,5.50,7.43,11.36,6.67,7.67,3.17,6.21,5.42
24,0.51,1.07,1.48,0.90,0.20,0.84,2.08,0.38,0.11,1.20,1.40,2.21,0.23,0.34,4.05,1.15,1.36,3.68,3.37,4.66,2.36,0.70,4.20,0.00,2.18,5.84,2.51,1.11,0.18,0.44,0.23,0.68,0.70,0.86,1.08,2.73,5.24,3.41,0.75,0.77,0.72,0.06,2.80,4.23,1.25,0.36,0.52,0.04,0.90,1.45,4.16,3.79,3.86,3.84,10.13,6.62,0.98,1.72,0.77,2.10,1.22,1.85,1.66,1.46,0.99,1.50,1.30,5.54,5.86,2.53,3.00,2.37,3.42,10.26,5.32,2.29,7.78,9.91,5.85,9.62,10.58,4.55,2.15,9.65,4.63,1.19,1.69,7.24,6.79,7.02,2.07,4.20,1.06,8.33,6.05,7.40,0.54,2.43,1.58,0.30,5.82,1.47,2.85,1.03,2.87,6.08,0.86,2.79,6.62,5.44,4.07,2.72,2.18,1.95
25,3.81,0.60,0.40,1.01,1.63,1.01,0.11,1.51,1.90,0.87,0.70,0.07,2.52,1.52,1.27,0.72,0.44,1.41,1.39,1.89,0.48,1.43,1.27,2.18,0.00,2.62,0.28,0.91,1.98,1.74,2.46,2.15,1.71,0.89,1.32,0.70,2.19,0.89,1.22,1.16,1.69,1.72,0.61,0.83,1.77,2.08,1.64,2.37,3.18,0.72,0.98,0.59,0.98,1.52,4.31,3.48,3.54,4.03,3.43,5.17,3.60,4.97,3.49,3.84,2.70,5.11,1.09,2.14,2.51,0.77,0.24,0.18,0.41,4.42,2.94,0.73,2.01,3.08,1.52,5.15,4.11,0.73,0.76,5.19,1.11,1.05,0.99,2.94,2.45,2.58,0.78,0.10,4.84,9.03,1.36,3.21,4.49,0.74,1.50,1.97,3.82,0.06,3.31,1.54,2.05,5.31,3.34,7.71,11.25,5.64,3.92,0.80,2.79,0.23
26,7.82,3.55,2.97,3.71,4.90,3.83,1.82,5.00,5.20,3.58,3.62,2.87,5.27,5.12,1.24,3.29,3.42,2.00,1.84,1.22,1.88,4.63,1.58,5.84,2.62,0.00,2.00,3.66,4.78,5.09,5.86,5.70,4.91,4.45,4.20,2.16,0.79,1.94,4.68,3.57,3.86,4.88,1.88,2.51,4.42,5.65,5.38,5.63,7.48,3.35,1.93,2.59,3.01,2.58,3.69,0.83,7.17,8.04,6.72,9.24,8.02,9.49,7.83,7.93,8.25,9.98,4.18,2.06,1.36,2.80,4.40,2.92,4.68,1.29,1.55,4.65,1.16,1.42,2.27,0.30,2.76,4.60,3.61,1.05,4.84,4.50,4.56,3.59,3.00,2.74,5.74,4.39,7.88,12.37,4.38,1.75,10.08,6.21,6.33,6.33,2.65,5.44,8.80,5.77,8.33,8.47,7.68,11.21,11.76,8.30,9.63,5.53,7.76,6.17
27,3.82,0.80,0.73,1.36,1.90,1.20,0.24,1.90,2.11,0.90,0.91,0.30,2.45,1.86,0.69,0.90,0.74,0.96,0.87,1.35,0.12,1.67,0.72,2.51,0.28,2.00,0.00,1.21,1.76,2.20,3.23,2.21,1.90,1.52,1.83,0.03,1.23,0.59,1.72,1.38,1.40,2.29,0.01,0.10,2.25,2.23,2.22,2.82,4.34,1.24,0.40,0.05,0.14,0.43,3.79,2.63,3.84,4.57,3.34,5.27,4.52,5.28,3.72,4.27,3.67,4.83,1.65,0.35,2.08,0.00,0.84,0.83,1.54,3.19,1.76,1.55,2.08,2.23,0.33,4.04,2.46,0.99,0.04,2.99,0.83,1.87,2.07,1.36,1.27,1.71,4.55,1.01,6.16,12.26,0.03,3.24,5.71,0.98,4.22,4.16,0.52,2.00,4.41,2.94,4.97,6.78,4.56,7.29,11.14,5.92,4.50,3.08,4.04,2.86
28,2.91,0.28,0.19,0.18,0.85,0.18,0.87,0.75,0.75,0.18,0.24,0.52,1.53,0.75,2.25,0.14,0.35,2.07,1.83,2.49,1.26,0.70,2.43,1.11,0.91,3.66,1.21,0.00,0.67,0.75,1.86,0.56,0.58,0.12,0.33,1.13,2.95,1.88,0.23,0.54,0.19,1.26,1.36,1.95,0.55,0.60,0.54,1.62,2.54,0.37,1.71,1.60,1.25,2.37,7.62,3.82,2.72,2.91,1.99,3.82,2.27,3.19,2.22,2.30,2.16,3.19,0.14,2.84,3.70,0.68,1.39,0.64,0.36,5.54,2.66,0.14,3.39,5.26,1.82,4.89,4.11,0.41,1.09,5.51,1.07,1.74,1.28,3.39,4.13,3.85,1.43,0.91,4.08,12.94,2.10,3.76,5.14,0.65,0.08,2.87,2.94,1.51,2.51,3.29,3.30,6.08,2.28,8.05,9.15,5.08,0.85,0.64,3.36,1.73
29,1.59,0.90,1.12,0.77,0.20,0.67,1.91,0.32,0.02,1.13,0.91,1.49,0.46,0.26,3.10,1.17,1.21,3.25,3.32,3.88,2.42,0.23,2.87,0.18,1.98,4.78,1.76,0.67,0.00,0.02,0.53,0.59,0.03,0.69,0.87,2.01,4.46,2.85,0.49,0.52,0.49,0.24,2.52,3.12,1.07,0.04,0.44,0.39,1.25,0.83,2.89,2.76,3.19,2.45,5.45,5.90,1.43,2.05,1.19,2.93,1.56,2.37,1.17,1.32,0.61,2.30,0.87,4.27,5.66,2.14,2.14,1.87,2.18,9.49,5.09,1.17,5.43,6.72,4.71,8.53,7.81,1.98,2.09,8.26,4.45,1.17,0.23,6.63,7.15,7.60,0.38,2.51,0.84,11.57,2.70,4.64,0.01,2.69,1.05,0.77,6.10,1.47,1.19,0.08,3.52,6.46,3.61,5.31,5.10,4.67,2.69,6.06,2.05,0.32
30,0.77,0.72,1.04,0.47,0.07,0.68,1.77,0.15,0.32,0.72,0.75,2.07,0.71,0.05,3.54,0.95,0.99,3.23,3.57,3.54,2.47,0.20,3.30,0.44,1.74,5.09,2.20,0.75,0.02,0.00,0.75,0.06,0.04,0.73,0.51,1.97,3.81,3.00,0.62,0.18,0.58,0.65,2.16,2.56,0.98,0.03,0.04,0.49,1.49,1.04,3.04,1.92,2.97,3.11,8.75,4.01,2.30,2.20,1.67,3.22,2.35,2.31,1.53,2.10,0.57,2.60,0.90,4.45,5.54,1.99,2.74,2.26,2.03,6.68,4.87,1.47,4.31,5.43,4.29,8.13,7.10,0.45,0.96,8.71,2.66,0.35,1.10,2.55,5.04,5.53,2.07,2.94,2.73,12.15,3.88,6.71,1.32,1.63,3.18,0.22,6.37,0.19,2.24,1.29,2.75,6.08,2.90,9.35,6.36,5.49,5.03,5.50,2.24,0.77
31,1.67,1.63,1.93,1.14,0.49,1.05,2.42,0.62,0.16,1.70,1.85,2.21,0.13,0.34,4.81,1.50,1.92,4.42,4.88,4.62,3.58,1.25,4.93,0.23,2.46,5.86,3.23,1.86,0.53,0.75,0.00,2.02,0.46,1.48,1.36,3.59,5.12,4.00,1.20,1.31,1.59,0.27,3.80,3.85,1.14,0.59,0.80,0.17,0.85,1.41,4.15,3.46,3.07,3.76,10.71,3.99,1.16,1.65,1.02,2.98,0.56,2.03,0.61,1.57,1.50,2.26,1.90,5.06,6.99,2.29,3.25,3.27,1.98,6.87,5.78,2.39,5.21,6.57,4.11,7.07,7.07,2.08,2.01,9.23,2.53,1.30,1.39,3.09,6.27,5.46,2.09,4.45,0.83,12.40,4.08,7.12,4.09,1.37,3.42,1.19,3.42,0.08,4.61,1.98,1.37,6.67,1.81,9.98,3.44,5.14,2.76,11.42,1.64,0.45
32,1.10,0.78,1.10,0.22,0.58,0.42,1.80,0.50,0.71,0.91,0.96,2.02,1.22,0.36,3.74,0.50,1.09,3.14,3.58,4.31,2.40,0.19,3.66,0.68,2.15,5.70,2.21,0.56,0.59,0.06,2.02,0.00,0.94,0.10,0.05,2.62,4.48,2.90,0.15,0.02,0.69,0.58,2.11,3.46,0.31,0.59,0.23,1.28,2.72,1.33,3.67,3.15,2.83,3.46,11.38,6.38,2.45,3.39,2.05,4.27,3.81,3.77,1.83,3.44,1.15,3.76,0.37,5.56,4.57,3.02,2.06,1.87,3.07,9.76,4.75,1.73,6.22,6.64,4.63,8.89,7.77,1.89,3.37,7.28,3.96,1.23,0.10,6.32,6.82,7.64,0.89,2.59,0.26,4.82,5.05,6.47,0.71,0.15,3.53,1.22,7.52,0.80,1.17,0.41,2.54,3.60,3.55,1.94,9.72,4.72,2.68,1.30,2.33,1.01
33,1.65,0.75,0.87,0.40,0.22,0.59,1.68,0.06,0.20,0.76,0.89,1.43,0.83,0.09,2.92,0.75,1.03,3.13,3.26,4.11,2.26,0.10,3.52,0.70,1.71,4.91,1.90,0.58,0.03,0.04,0.46,0.94,0.00,0.69,0.64,2.22,4.65,3.28,0.26,0.36,0.14,0.21,2.38,3.46,0.45,0.23,0.06,0.92,1.37,0.60,3.06,2.81,2.94,2.63,7.15,5.02,1.39,2.04,1.43,2.87,1.42,2.35,1.48,1.92,0.61,2.23,1.19,3.69,5.44,1.94,2.14,1.86,1.17,8.31,5.15,1.22,5.91,6.72,4.68,7.05,8.12,2.48,1.68,7.65,2.97,0.87,0.06,4.65,6.90,6.98,0.85,1.97,1.49,11.14,4.58,6.64,2.25,1.99,1.36,1.73,4.46,0.43,2.30,1.15,4.59,7.45,2.66,4.42,4.19,5.00,1.09,6.55,2.27,1.47
34,2.54,0.48,0.72,0.14,0.59,0.10,1.13,0.65,0.92,0.41,0.39,1.20,1.04,0.41,2.44,0.05,0.62,2.53,2.41,3.12,1.88,0.39,2.35,0.86,0.89,4.45,1.52,0.12,0.69,0.73,1.48,0.10,0.69,0.00,0.13,1.66,3.15,1.95,0.21,0.09,0.02,0.86,1.16,2.76,0.29,0.73,0.46,1.20,1.98,0.42,2.48,2.36,3.28,2.88,7.35,5.57,2.26,3.32,2.12,3.55,2.44,3.68,2.51,2.41,1.19,3.10,0.49,3.63,4.03,1.88,1.13,1.22,2.08,7.25,4.04,0.53,4.74,6.57,3.64,8.18,6.73,1.88,2.00,6.90,3.22,1.78,0.20,6.04,5.24,6.67,0.26,1.68,3.77,9.46,3.39,6.01,1.23,0.37,2.59,0.91,6.25,0.76,0.86,0.53,2.19,4.57,1.95,4.69,11.84,5.10,1.67,0.59,2.25,1.50
35,2.52,0.72,0.93,0.13,0.90,0.26,1.28,0.63,0.86,0.50,0.34,1.47,1.53,0.76,2.84,0.54,0.90,2.79,2.58,3.23,1.99,0.35,2.75,1.08,1.32,4.20,1.83,0.33,0.87,0.51,1.36,0.05,0.64,0.13,0.00,2.33,3.53,2.68,0.02,0.02,0.15,1.28,1.79,2.12,0.30,0.49,0.34,1.33,2.24,0.37,2.47,1.89,2.25,3.10,3.74,3.10,2.73,2.96,2.36,3.69,1.87,3.63,1.96,2.73,0.97,3.77,0.64,2.85,4.07,1.26,0.98,1.80,1.02,5.09,3.23,1.09,3.97,5.53,2.73,5.99,5.68,0.67,0.35,6.24,1.66,1.47,0.61,1.87,3.77,2.61,0.08,1.18,4.35,13.37,0.93,4.27,3.07,0.38,1.05,2.02,3.60,0.61,4.98,0.14,2.93,5.93,1.92,8.39,11.57,5.15,1.35,0.71,4.27,0.44
36,3.59,0.91,1.11,1.55,2.51,1.63,0.11,2.07,2.57,1.16,1.02,0.00,3.06,2.78,1.07,1.08,1.03,0.78,0.99,0.99,0.09,2.24,0.90,2.73,0.70,2.16,0.03,1.13,2.01,1.97,3.59,2.62,2.22,1.66,2.33,0.00,1.66,0.34,2.09,1.79,1.42,2.63,0.28,0.19,2.42,2.68,2.27,3.04,4.56,1.08,0.25,0.69,0.57,0.56,3.27,1.33,5.09,5.61,4.29,6.30,6.20,6.35,4.42,4.53,4.21,6.11,2.00,0.94,1.59,0.07,1.35,0.25,2.24,1.78,0.97,1.15,0.94,0.11,0.53,2.54,0.22,2.95,1.21,3.77,1.51,2.02,2.18,0.59,1.25,0.29,2.06,0.85,7.30,12.85,0.69,0.61,8.78,2.70,0.04,4.70,0.96,3.05,5.88,3.88,3.27,5.77,4.52,10.60,11.20,6.37,4.36,2.91,4.90,3.05
37,7.13,2.81,2.76,3.50,4.72,3.35,1.25,4.41,5.08,2.67,2.43,2.18,5.20,4.68,0.61,2.66,2.64,1.34,0.92,0.35,1.61,4.07,0.84,5.24,2.19,0.79,1.23,2.95,4.46,3.81,5.12,4.48,4.65,3.15,3.53,1.66,0.00,1.26,4.21,3.13,3.29,4.26,1.55,1.63,3.73,5.38,5.16,5.08,7.04,2.97,1.36,2.56,1.65,1.15,3.33,0.08,7.18,7.75,7.15,9.49,8.97,10.13,7.37,8.50,7.28,10.00,4.02,1.07,0.26,2.07,4.10,2.66,3.37,0.93,0.61,2.97,0.32,1.20,2.08,0.91,0.90,3.49,2.79,1.24,3.88,3.94,3.54,2.06,1.89,2.17,3.74,3.08,9.19,10.94,2.10,0.26,9.44,5.53,3.61,5.59,1.35,4.10,8.78,4.66,7.94,7.66,7.28,10.73,15.38,8.03,7.54,6.51,8.46,6.28
38,5.63,1.61,1.41,2.15,3.06,2.02,0.68,3.07,3.36,1.52,1.65,0.47,3.27,3.07,0.67,1.63,1.39,0.26,0.36,0.91,0.49,2.55,0.18,3.41,0.89,1.94,0.59,1.88,2.85,3.00,4.00,2.90,3.28,1.95,2.68,0.34,1.26,0.00,2.36,2.26,1.99,3.21,0.47,0.18,2.56,3.38,3.30,3.42,5.25,1.66,0.02,0.54,0.11,0.17,2.77,2.53,4.91,6.37,4.55,7.30,5.66,6.63,4.97,5.66,4.01,6.93,1.89,0.72,2.05,1.00,1.79,0.47,1.64,2.70,1.48,2.25,1.41,1.58,0.13,3.05,2.91,2.31,1.32,3.58,1.23,1.70,1.42,1.38,0.30,1.46,2.97,1.45,6.59,11.43,0.17,1.61,6.06,2.94,2.68,3.64,1.55,3.39,7.88,3.34,5.03,7.46,5.16,7.87,9.25,6.45,2.79,0.46,4.32,4.13
39,0.42,0.22,0.61,0.05,0.51,0.29,1.12,0.37,0.84,0.43,0.56,1.19,1.34,0.36,3.38,0.50,0.69,3.21,2.60,3.37,2.05,0.41,2.50,0.75,1.22,4.68,1.72,0.23,0.49,0.62,1.20,0.15,0.26,0.21,0.02,2.09,4.21,2.36,0.00,0.07,0.02,0.85,1.92,2.94,0.17,0.45,0.28,1.23,2.19,0.80,2.57,2.59,3.25,2.67,8.60,5.51,2.39,3.08,2.03,3.44,2.07,2.89,2.22,2.71,1.83,3.08,0.64,3.62,4.60,1.92,0.99,1.83,1.95,8.37,4.41,1.58,5.75,7.96,3.96,8.18,7.94,1.77,0.68,5.88,3.65,0.19,0.93,6.90,5.65,5.34,0.05,2.70,3.09,11.15,4.85,2.78,0.72,2.02,2.79,0.24,4.43,2.16,1.90,0.76,3.14,5.84,2.69,6.99,13.11,4.90,1.98,5.57,2.29,1.10
40,2.35,0.58,0.58,0.07,0.51,0.20,1.11,0.48,0.71,0.36,0.40,1.19,1.15,0.27,2.05,0.45,0.56,2.47,2.58,2.91,1.91,0.35,2.46,0.77,1.16,3.57,1.38,0.54,0.52,0.18,1.31,0.02,0.36,0.09,0.02,1.79,3.13,2.26,0.07,0.00,0.01,0.87,1.44,1.69,0.02,0.56,0.50,1.54,1.83,0.25,1.97,1.30,2.15,1.88,4.89,2.81,2.21,2.32,1.91,3.46,2.56,3.06,2.18,2.17,0.03,2.90,0.07,3.56,3.78,1.28,0.27,1.43,0.59,5.17,3.49,0.15,2.51,4.23,2.25,6.23,5.25,0.05,0.32,6.32,1.72,1.95,0.11,1.72,3.78,3.63,0.35,1.58,3.46,13.73,2.31,3.13,5.22,0.44,1.76,2.20,3.30,1.07,4.76,1.54,2.13,6.11,2.60,9.39,9.99,5.66,0.66,5.15,2.61,0.93
41,2.36,0.20,0.75,0.36,0.51,0.23,1.15,0.27,0.59,0.22,0.26,0.97,0.88,0.57,2.12,0.48,0.38,2.44,2.46,2.71,1.34,0.52,2.52,0.72,1.69,3.86,1.40,0.19,0.49,0.58,1.59,0.69,0.14,0.02,0.15,1.42,3.29,1.99,0.02,0.01,0.00,0.59,1.37,1.78,0.17,0.63,0.48,0.93,2.38,0.37,1.78,1.90,2.72,3.12,7.25,4.24,2.12,2.69,1.90,3.43,2.19,2.98,2.32,2.26,1.54,3.74,0.10,3.48,3.68,1.43,1.42,1.33,0.98,6.43,3.66,0.07,3.74,4.84,2.54,6.26,6.45,0.62,0.88,5.92,2.63,0.47,0.69,3.25,2.66,5.20,2.88,1.18,4.14,12.09,3.74,4.73,4.10,0.84,0.77,0.77,4.47,1.16,2.84,0.14,1.87,5.63,3.91,8.74,6.97,5.42,0.12,0.62,3.42,1.31
42,0.63,1.06,1.28,0.80,0.24,0.41,1.93,0.08,0.10,1.18,1.22,2.03,0.34,0.35,3.34,1.28,1.25,3.66,3.55,4.33,2.68,0.35,3.86,0.06,1.72,4.88,2.29,1.26,0.24,0.65,0.27,0.58,0.21,0.86,1.28,2.63,4.26,3.21,0.85,0.87,0.59,0.00,2.57,3.49,1.45,0.27,0.32,0.03,0.62,0.84,3.29,2.80,3.97,3.72,10.29,4.91,1.28,2.14,1.13,2.60,1.08,2.50,1.23,1.53,0.87,1.86,1.58,3.92,5.61,1.69,2.53,2.43,1.95,7.61,5.42,1.91,4.69,7.19,4.88,7.05,8.54,1.62,0.84,9.14,3.07,1.77,1.02,4.00,6.26,5.77,1.61,3.37,1.56,12.18,3.24,6.10,2.19,1.89,2.22,1.22,3.37,0.50,1.50,0.93,4.09,7.04,2.25,5.22,6.02,5.62,3.54,6.51,3.14,0.08
43,4.52,0.94,1.01,1.35,2.05,1.15,0.14,2.00,2.35,0.96,0.92,0.40,2.89,2.24,0.77,0.95,0.76,0.90,0.64,1.03,0.00,2.31,0.86,2.80,0.61,1.88,0.01,1.36,2.52,2.16,3.80,2.11,2.38,1.16,1.79,0.28,1.55,0.47,1.92,1.44,1.37,2.57,0.00,0.30,2.07,2.36,2.54,3.06,4.20,1.14,0.32,0.45,0.68,0.11,4.21,1.94,4.45,4.54,3.87,5.34,5.72,5.68,4.44,4.70,3.98,6.24,1.63,1.24,1.80,0.67,0.99,0.74,2.02,3.07,0.95,1.71,1.58,1.33,0.93,2.01,1.93,1.89,1.10,2.60,1.93,2.12,3.02,0.49,0.71,1.74,2.06,1.33,5.22,11.53,0.96,3.21,6.33,1.70,1.96,4.30,0.16,3.07,3.86,4.07,5.53,6.11,4.31,5.21,10.69,7.34,4.86,1.22,5.40,3.53
44,5.27,1.97,1.75,2.26,4.30,2.43,0.41,3.62,4.01,1.59,2.09,0.87,4.33,3.26,1.11,2.03,1.76,0.24,0.73,0.88,0.55,3.11,0.98,4.23,0.83,2.51,0.10,1.95,3.12,2.56,3.85,3.46,3.46,2.76,2.12,0.19,1.63,0.18,2.94,1.69,1.78,3.49,0.30,0.00,2.65,3.72,3.07,3.54,6.26,1.77,0.53,0.41,0.85,0.72,4.10,1.27,6.21,7.08,5.93,8.20,7.27,8.46,6.19,6.30,5.42,8.42,2.44,0.82,1.26,0.23,1.75,0.76,2.84,1.77,1.31,1.89,1.91,0.88,0.70,2.90,0.21,1.12,0.63,3.70,2.14,2.50,2.04,0.66,0.39,0.98,1.19,0.20,6.83,10.66,1.52,2.73,6.86,3.19,0.52,3.48,0.03,2.62,6.88,2.71,5.33,6.59,5.50,7.08,11.84,7.74,4.51,2.09,5.89,4.18
45,1.66,0.32,0.65,0.06,0.79,0.19,1.39,0.77,1.17,0.30,0.38,1.64,1.10,0.99,3.38,0.77,0.80,3.04,2.93,3.02,2.12,0.23,3.24,1.25,1.77,4.42,2.25,0.55,1.07,0.98,1.14,0.31,0.45,0.29,0.30,2.42,3.73,2.56,0.17,0.02,0.17,1.45,2.07,2.65,0.00,0.40,0.91,1.42,2.35,1.06,3.07,1.66,2.17,3.25,7.00,2.45,2.88,3.02,2.33,4.20,2.46,3.47,2.94,2.81,1.46,2.91,0.28,3.63,3.65,1.18,1.04,1.32,0.42,4.08,3.05,0.92,2.96,4.70,2.85,4.68,5.74,0.40,0.08,5.87,0.62,3.38,0.09,0.10,3.36,1.36,0.15,1.73,3.81,14.84,2.50,2.99,5.66,0.24,2.57,3.45,1.37,0.15,7.53,2.16,5.04,8.12,1.71,10.80,8.80,6.87,1.94,2.40,2.76,1.47
46,0.97,0.75,1.06,0.36,0.12,0.75,1.91,0.06,0.17,0.76,1.21,1.73,0.51,0.13,3.98,0.65,1.19,3.81,3.32,4.77,2.15,0.10,3.70,0.36,2.08,5.65,2.23,0.60,0.04,0.03,0.59,0.59,0.23,0.73,0.49,2.68,5.38,3.38,0.45,0.56,0.63,0.27,2.36,3.72,0.40,0.00,0.26,0.85,2.00,1.32,4.02,4.12,3.86,4.24,11.92,7.36,1.88,2.50,1.17,3.20,1.63,2.77,1.35,2.18,0.19,2.89,1.04,5.46,5.93,3.14,3.50,2.18,3.70,10.91,6.24,1.81,6.73,8.16,6.04,10.05,9.88,4.37,3.85,10.15,5.55,3.11,1.42,8.52,8.02,8.62,1.96,3.71,0.69,6.59,5.17,6.73,0.96,1.98,1.94,0.72,7.47,2.57,1.06,1.23,0.64,2.52,1.27,0.13,7.29,4.01,3.47,2.32,1.94,1.24
47,0.25,0.87,0.73,0.61,0.32,0.54,1.66,0.02,0.16,0.53,0.86,1.79,1.01,0.12,3.83,1.17,1.00,3.11,3.52,3.98,2.26,0.28,3.49,0.52,1.64,5.38,2.22,0.54,0.44,0.04,0.80,0.23,0.06,0.46,0.34,2.27,5.16,3.30,0.28,0.50,0.48,0.32,2.54,3.07,0.91,0.26,0.00,1.05,1.58,1.27,3.65,3.12,2.43,4.06,5.76,5.07,2.17,2.37,1.84,3.53,2.40,3.10,1.43,2.52,0.12,2.78,1.05,4.96,6.06,2.99,2.47,2.08,2.34,7.72,4.73,2.10,5.23,6.31,4.42,8.52,7.04,1.72,2.85,8.09,4.65,1.15,0.27,3.97,5.74,5.50,2.59,2.49,2.70,10.56,4.19,5.39,0.02,0.56,2.31,0.27,6.84,0.36,1.82,0.82,4.54,6.03,1.81,6.40,4.82,4.65,1.23,1.83,2.59,0.07
48,1.43,1.35,1.47,1.27,0.53,1.29,2.52,0.60,0.35,1.68,1.63,2.57,0.39,0.43,3.48,1.85,1.91,3.74,3.68,4.22,3.10,0.53,4.22,0.04,2.37,5.63,2.82,1.62,0.39,0.49,0.17,1.28,0.92,1.20,1.33,3.04,5.08,3.42,1.23,1.54,0.93,0.03,3.06,3.54,1.42,0.85,1.05,0.00,0.99,1.50,3.99,3.63,3.93,3.92,9.04,5.22,0.77,1.32,0.65,2.17,1.27,2.19,1.07,0.85,0.10,1.49,1.82,5.14,5.85,3.28,3.80,2.35,2.62,7.62,5.89,1.16,5.64,6.11,4.91,8.59,7.15,1.94,2.67,8.25,3.51,0.07,1.29,5.30,6.64,5.29,0.75,3.46,3.22,11.71,5.08,7.55,2.18,1.86,1.89,1.83,5.44,0.20,2.64,0.16,1.64,6.24,2.55,6.09,5.78,6.52,2.11,6.73,1.89,0.81
49,0.03,2.07,2.59,1.64,1.53,2.01,3.42,0.97,1.18,2.44,2.73,3.41,0.66,1.57,6.55,2.34,2.61,5.84,5.62,6.27,4.59,1.40,5.36,0.90,3.18,7.48,4.34,2.54,1.25,1.49,0.85,2.72,1.37,1.98,2.24,4.56,7.04,5.25,2.19,1.83,2.38,0.62,4.20,6.26,2.35,2.00,1.58,0.99,0.00,2.38,6.25,5.62,5.55,7.14,10.42,9.20,0.20,1.09,0.27,0.93,0.11,0.63,0.86,0.40,2.55,0.05,3.10,6.49,9.81,4.81,5.57,4.39,5.22,13.76,8.92,3.24,10.55,12.85,7.93,14.17,14.04,8.25,4.73,13.74,7.24,4.81,3.36,10.01,10.12,13.32,4.76,6.34,1.98,5.45,6.22,12.20,6.03,3.93,6.20,1.30,8.21,4.43,1.35,3.72,0.99,4.78,1.43,0.21,0.73,3.87,5.20,9.88,0.26,1.45
50,2.49,0.40,0.75,0.04,0.66,0.10,0.86,0.64,1.24,0.46,0.43,1.32,1.11,0.82,1.89,0.32,0.17,1.46,2.14,2.33,0.80,0.75,1.68,1.45,0.72,3.35,1.24,0.37,0.83,1.04,1.41,1.33,0.60,0.42,0.37,1.08,2.97,1.66,0.80,0.25,0.37,0.84,1.14,1.77,1.06,1.32,1.27,1.50,2.38,0.00,1.65,0.55,2.11,2.06,6.26,4.00,2.24,3.41,2.42,3.36,3.96,4.63,2.78,2.87,1.72,3.89,0.77,2.19,3.54,0.68,0.14,0.63,0.36,4.71,3.16,0.10,2.97,3.50,2.47,5.19,3.77,0.38,1.19,5.23,0.50,1.38,0.51,2.51,2.24,4.04,0.62,1.23,4.23,6.11,1.48,4.60,4.11,0.21,1.29,1.61,3.68,0.91,3.97,1.31,2.68,4.20,3.28,2.04,7.75,5.53,3.32,0.45,4.55,1.99
51,5.76,1.92,1.92,2.18,3.87,2.64,0.74,3.42,3.70,2.05,1.60,0.60,3.82,2.99,0.36,1.91,1.71,0.01,0.18,0.47,0.68,3.11,0.73,4.16,0.98,1.93,0.40,1.71,2.89,3.04,4.15,3.67,3.06,2.48,2.47,0.25,1.36,0.02,2.57,1.97,1.78,3.29,0.32,0.53,3.07,4.02,3.65,3.99,6.25,1.65,0.00,0.76,0.40,0.23,4.76,1.19,6.10,7.25,5.57,8.60,7.05,7.98,6.24,6.34,6.93,9.42,2.13,0.93,1.69,0.71,1.94,1.17,2.41,0.92,1.11,2.13,0.89,0.81,0.04,1.82,0.17,2.62,1.34,0.56,3.00,1.93,1.71,1.33,1.00,0.19,4.28,0.87,5.66,9.40,1.87,3.03,7.64,2.87,3.99,3.47,0.14,2.02,8.83,3.56,3.17,5.44,5.61,8.37,8.91,6.00,4.86,6.11,5.27,4.04
52,3.86,1.90,1.48,2.25,4.26,2.19,0.00,3.26,3.84,2.13,1.75,0.78,3.99,2.52,1.68,1.79,1.35,0.49,1.05,1.43,0.34,2.87,1.12,3.79,0.59,2.59,0.05,1.60,2.76,1.92,3.46,3.15,2.81,2.36,1.89,0.69,2.56,0.54,2.59,1.30,1.90,2.80,0.45,0.41,1.66,4.12,3.12,3.63,5.62,0.55,0.76,0.00,0.31,1.32,1.59,2.64,5.74,7.04,6.11,7.37,6.94,8.25,5.43,6.30,4.75,8.44,2.08,1.33,2.57,0.57,1.76,0.34,1.73,2.21,2.18,0.93,0.29,1.98,0.44,3.89,3.12,1.95,0.93,4.38,0.60,0.70,1.27,0.32,1.12,0.55,0.58,0.00,5.39,9.21,2.14,2.97,7.49,3.18,0.94,2.79,0.71,0.88,5.19,2.30,4.95,5.29,5.00,10.62,13.00,6.61,4.47,0.49,5.76,3.62
53,4.10,1.92,1.26,2.70,3.87,2.37,0.40,2.97,3.86,2.35,1.85,0.45,4.38,3.09,1.18,1.99,1.69,0.36,0.84,0.95,0.19,3.11,0.96,3.86,0.98,3.01,0.14,1.25,3.19,2.97,3.07,2.83,2.94,3.28,2.25,0.57,1.65,0.11,3.25,2.15,2.72,3.97,0.68,0.85,2.17,3.86,2.43,3.93,5.55,2.11,0.40,0.31,0.00,2.26,6.34,1.69,5.81,6.72,5.69,7.59,5.42,7.78,6.19,5.92,5.21,6.61,2.43,0.35,1.57,0.56,0.72,0.52,1.50,0.45,1.05,0.83,0.46,1.03,0.16,3.32,1.25,1.96,1.36,3.12,2.32,2.87,1.72,0.70,0.15,0.61,1.08,0.76,6.81,10.04,0.54,1.57,7.07,3.18,2.50,3.88,2.14,4.02,8.37,3.44,2.62,6.17,4.82,9.09,16.18,7.83,3.49,1.97,6.02,4.93
54,6.67,2.71,2.27,2.18,3.73,2.37,1.22,3.18,4.00,1.69,2.19,0.65,5.15,3.13,0.82,1.58,1.63,0.27,0.75,0.61,0.75,2.30,0.22,3.84,1.52,2.58,0.43,2.37,2.45,3.11,3.76,3.46,2.63,2.88,3.10,0.56,1.15,0.17,2.67,1.88,3.12,3.72,0.11,0.72,3.25,4.24,4.06,3.92,7.14,2.06,0.23,1.32,2.26,0.00,3.23,1.35,6.48,7.17,6.28,8.30,8.39,9.09,5.93,6.15,5.31,7.32,2.20,0.10,1.10,1.23,2.15,1.07,1.69,0.62,1.22,1.73,0.38,0.33,0.33,1.18,0.42,4.31,1.13,1.66,1.70,3.30,1.73,0.60,0.97,0.70,2.00,2.11,8.71,6.69,1.70,0.20,10.29,5.27,1.44,4.53,0.61,2.04,7.94,5.18,5.20,5.30,7.20,9.76,9.64,6.44,6.68,5.16,6.44,4.01
55,13.32,6.92,4.50,8.44,9.14,6.81,5.09,8.97,9.75,6.43,6.98,5.68,10.71,9.94,2.53,6.70,6.52,3.17,4.35,3.42,5.24,3.23,1.78,10.13,4.31,3.69,3.79,7.62,5.45,8.75,10.71,11.38,7.15,7.35,3.74,3.27,3.33,2.77,8.60,4.89,7.25,10.29,4.21,4.10,7.00,11.92,5.76,9.04,10.42,6.26,4.76,1.59,6.34,3.23,0.00,2.20,12.98,14.35,14.33,13.02,10.03,16.12,12.42,12.33,14.90,12.80,7.64,2.13,2.18,6.20,6.47,4.91,5.70,4.27,4.28,6.35,1.33,3.61,4.92,2.00,2.49,0.38,2.98,0.87,4.99,7.47,7.57,5.98,3.48,4.79,8.64,5.69,9.20,7.85,1.39,2.73,14.97,12.66,8.03,12.06,6.40,7.38,13.24,9.46,11.73,12.49,11.47,13.31,9.20,12.33,14.95,14.92,13.82,12.71
56,7.80,3.98,2.93,4.41,6.63,5.26,1.79,5.43,6.53,4.29,4.19,3.31,6.27,5.55,0.65,4.63,4.52,2.09,1.00,0.80,2.65,5.06,1.98,6.62,3.48,0.83,2.63,3.82,5.90,4.01,3.99,6.38,5.02,5.57,3.10,1.33,0.08,2.53,5.51,2.81,4.24,4.91,1.94,1.27,2.45,7.36,5.07,5.22,9.20,4.00,1.19,2.64,1.69,1.35,2.20,0.00,9.88,9.92,9.73,9.82,10.66,13.11,8.84,8.91,9.73,10.58,5.06,1.59,0.45,1.95,4.40,4.56,4.40,0.86,0.09,3.45,1.07,1.07,1.62,1.42,0.58,2.68,3.46,0.57,4.09,3.31,4.15,2.83,1.79,1.70,4.46,2.70,6.62,7.50,5.92,0.39,8.20,10.18,4.93,4.61,1.38,5.08,9.14,4.47,6.27,7.45,8.55,8.79,10.86,9.06,6.16,7.09,8.92,9.01
57,1.67,2.27,2.40,2.04,1.79,2.23,3.33,1.22,1.28,2.57,2.44,3.61,0.77,1.63,5.90,2.71,2.66,5.34,5.68,6.42,4.56,1.79,5.18,0.98,3.54,7.17,3.84,2.72,1.43,2.30,1.16,2.45,1.39,2.26,2.73,5.09,7.18,4.91,2.39,2.21,2.12,1.28,4.45,6.21,2.88,1.88,2.17,0.77,0.20,2.24,6.10,5.74,5.81,6.48,12.98,9.88,0.00,0.60,0.37,1.60,0.39,0.68,0.19,0.52,2.62,0.74,2.33,7.20,9.22,4.27,5.09,4.69,5.64,14.88,9.21,3.40,10.37,12.44,8.56,13.23,13.74,6.96,4.73,13.11,7.96,4.87,4.43,11.52,11.24,12.23,5.06,6.76,1.88,8.27,9.57,11.18,4.10,4.65,4.13,3.27,8.45,4.07,0.06,4.90,2.10,4.73,0.44,1.77,2.49,3.49,8.68,12.11,0.82,3.05
58,2.59,2.85,2.88,2.37,1.77,2.63,3.93,1.84,1.45,2.89,2.93,4.24,1.59,1.68,6.41,2.93,3.30,6.08,6.36,6.92,4.92,2.13,6.38,1.72,4.03,8.04,4.57,2.91,2.05,2.20,1.65,3.39,2.04,3.32,2.96,5.61,7.75,6.37,3.08,2.32,2.69,2.14,4.54,7.08,3.02,2.50,2.37,1.32,1.09,3.41,7.25,7.04,6.72,7.17,14.35,9.92,0.60,0.00,0.79,0.55,0.80,0.55,0.45,0.44,3.40,0.02,3.54,8.56,9.48,6.41,6.69,4.96,5.87,14.89,9.12,3.74,10.22,12.54,8.55,13.29,13.29,7.07,6.31,12.63,8.63,5.45,4.77,10.84,11.40,12.90,4.96,6.50,2.72,8.27,8.45,11.12,4.92,4.87,7.52,3.35,9.75,4.06,3.24,5.70,1.46,4.36,2.11,2.81,1.80,3.85,8.34,11.68,2.46,3.80
59,2.51,2.19,2.29,1.82,1.43,1.63,2.63,1.81,1.10,2.33,2.00,2.69,0.99,1.34,5.11,2.33,2.44,4.81,4.53,5.77,3.65,1.48,5.35,0.77,3.43,6.72,3.34,1.99,1.19,1.67,1.02,2.05,1.43,2.12,2.36,4.29,7.15,4.55,2.03,1.91,1.90,1.13,3.87,5.93,2.33,1.17,1.84,0.65,0.27,2.42,5.57,6.11,5.69,6.28,14.33,9.73,0.37,0.79,0.00,0.75,0.09,1.42,0.32,0.18,1.94,0.74,2.32,7.19,8.08,5.09,4.44,4.05,5.96,14.32,8.13,3.94,9.50,11.22,7.78,12.18,13.87,7.09,5.31,12.27,8.58,6.06,4.17,11.62,10.37,12.22,2.49,6.47,1.74,6.10,8.63,9.63,4.29,4.69,4.81,2.63,9.20,4.93,2.65,3.52,0.55,4.24,0.50,1.20,1.22,4.07,7.40,8.36,0.06,4.88
60,2.48,3.21,3.70,2.84,2.35,3.08,4.63,2.72,2.32,3.11,3.63,5.19,2.07,3.55,7.61,3.48,3.58,6.97,7.37,7.57,5.79,2.97,6.94,2.10,5.17,9.24,5.27,3.82,2.93,3.22,2.98,4.27,2.87,3.55,3.69,6.30,9.49,7.30,3.44,3.46,3.43,2.60,5.34,8.20,4.20,3.20,3.53,2.17,0.93,3.36,8.60,7.37,7.59,8.30,13.02,9.82,1.60,0.55,0.75,0.00,1.60,0.10,1.30,0.91,3.81,1.85,4.39,8.67,11.37,6.29,8.05,4.81,6.85,16.53,10.58,5.05,12.45,14.75,9.86,15.53,15.61,10.04,6.37,15.57,9.97,6.40,5.03,10.83,10.85,12.89,6.06,7.92,4.48,3.70,9.25,13.38,8.22,6.32,6.04,4.37,10.48,5.80,3.24,7.13,3.63,3.79,2.61,2.69,2.53,1.61,9.14,13.15,0.50,3.60
61,1.38,2.23,3.35,2.06,1.75,2.06,3.95,1.40,1.24,3.09,3.18,3.18,0.70,1.62,7.24,2.32,2.72,5.96,6.33,5.87,4.91,1.81,6.81,1.22,3.60,8.02,4.52,2.27,1.56,2.35,0.56,3.81,1.42,2.44,1.87,6.20,8.97,5.66,2.07,2.56,2.19,1.08,5.72,7.27,2.46,1.63,2.40,1.27,0.11,3.96,7.05,6.94,5.42,8.39,10.03,10.66,0.39,0.80,0.09,1.60,0.00,1.99,0.09,0.79,2.81,0.45,3.37,6.59,10.07,5.94,6.08,4.47,5.68,14.41,10.15,5.76,9.64,13.65,8.12,14.95,15.23,7.85,5.70,13.79,7.53,5.18,3.10,12.49,11.97,11.63,4.83,7.06,0.02,7.05,8.91,10.60,5.91,4.63,5.67,4.13,8.20,3.39,1.40,3.06,4.02,1.16,1.72,0.39,2.47,2.91,6.08,9.86,0.59,3.04
62,4.18,3.48,3.82,2.75,2.30,2.76,4.33,2.61,2.04,3.41,3.39,4.16,2.09,2.47,7.93,3.09,4.23,7.19,6.78,7.99,5.25,2.49,7.54,1.85,4.97,9.49,5.28,3.19,2.37,2.31,2.03,3.77,2.35,3.68,3.63,6.35,10.13,6.63,2.89,3.06,2.98,2.50,5.68,8.46,3.47,2.77,3.10,2.19,0.63,4.63,7.98,8.25,7.78,9.09,16.12,13.11,0.68,0.55,1.42,0.10,1.99,0.00,0.96,0.63,3.84,0.53,4.10,10.23,11.28,7.40,7.05,5.63,8.51,18.07,11.70,6.43,13.23,16.08,10.06,16.55,17.67,9.45,8.84,15.27,10.89,8.26,5.05,16.06,14.83,17.52,5.33,8.92,5.38,1.46,11.78,13.42,9.25,5.89,6.66,5.36,12.80,7.66,6.62,4.90,3.41,0.98,3.18,4.36,3.73,2.59,9.30,11.13,2.46,5.59
63,3.16,2.16,3.05,2.25,1.82,2.21,3.20,1.29,2.31,2.84,2.76,3.23,0.64,1.84,6.67,2.99,2.42,5.50,5.28,6.70,4.51,2.17,5.49,1.66,3.49,7.83,3.72,2.22,1.17,1.53,0.61,1.83,1.48,2.51,1.96,4.42,7.37,4.97,2.22,2.18,2.32,1.23,4.44,6.19,2.94,1.35,1.43,1.07,0.86,2.78,6.24,5.43,6.19,5.93,12.42,8.84,0.19,0.45,0.32,1.30,0.09,0.96,0.00,0.28,2.47,1.00,2.70,7.85,8.22,6.47,4.78,4.18,4.66,12.90,8.18,4.20,9.28,11.73,8.82,13.06,11.24,6.28,5.43,11.96,7.44,6.47,3.25,9.05,8.51,10.10,4.21,5.67,1.67,7.24,9.05,9.62,3.64,4.01,5.34,3.61,9.81,4.96,0.96,3.64,1.06,2.40,2.25,1.07,0.86,2.26,7.00,5.82,0.97,4.12
64,2.17,2.55,3.19,2.11,1.64,2.40,3.52,1.86,1.31,2.77,3.27,4.03,1.39,2.09,6.72,2.91,2.99,5.86,6.05,7.08,4.67,2.19,6.62,1.46,3.84,7.93,4.27,2.30,1.32,2.10,1.57,3.44,1.92,2.41,2.73,4.53,8.50,5.66,2.71,2.17,2.26,1.53,4.70,6.30,2.81,2.18,2.52,0.85,0.40,2.87,6.34,6.30,5.92,6.15,12.33,8.91,0.52,0.44,0.18,0.91,0.79,0.63,0.28,0.00,3.02,0.08,3.79,8.69,10.01,5.15,6.34,4.70,6.13,14.51,8.99,3.75,11.13,12.52,8.21,13.18,12.21,6.07,4.41,13.36,7.58,3.73,3.11,10.22,10.77,13.66,4.27,6.51,3.99,5.76,7.11,12.12,3.51,3.84,6.04,1.89,8.42,4.45,1.71,3.49,1.05,2.82,0.99,1.61,4.70,3.38,6.72,10.51,2.59,2.49
65,0.24,1.23,1.35,0.06,0.71,0.34,2.59,0.15,0.60,1.21,1.78,3.68,0.88,0.01,5.96,1.22,1.43,6.54,5.47,6.02,3.67,1.43,5.31,0.99,2.70,8.25,3.67,2.16,0.61,0.57,1.50,1.15,0.61,1.19,0.97,4.21,7.28,4.01,1.83,0.03,1.54,0.87,3.98,5.42,1.46,0.19,0.12,0.10,2.55,1.72,6.93,4.75,5.21,5.31,14.90,9.73,2.62,3.40,1.94,3.81,2.81,3.84,2.47,3.02,0.00,1.54,1.79,7.80,9.70,3.66,4.71,4.17,4.72,15.09,8.75,5.46,10.46,13.05,8.22,11.42,12.04,6.08,3.88,9.53,7.17,4.67,4.14,12.22,11.51,12.33,1.34,5.79,0.96,5.45,8.94,9.64,3.03,3.78,3.48,2.58,8.36,4.75,0.19,2.74,0.17,5.50,0.77,0.79,0.07,6.02,4.54,10.43,1.67,1.94
66,2.36,2.83,3.15,2.66,1.79,2.55,4.81,2.49,1.95,3.63,4.13,4.54,1.66,2.21,7.23,3.41,3.70,6.34,6.81,7.86,6.14,2.43,7.75,1.50,5.11,9.98,4.83,3.19,2.30,2.60,2.26,3.76,2.23,3.10,3.77,6.11,10.00,6.93,3.08,2.90,3.74,1.86,6.24,8.42,2.91,2.89,2.78,1.49,0.05,3.89,9.42,8.44,6.61,7.32,12.80,10.58,0.74,0.02,0.74,1.85,0.45,0.53,1.00,0.08,1.54,0.00,4.78,8.19,10.74,6.21,6.57,5.54,5.66,16.62,10.16,4.39,12.37,14.17,8.84,13.47,14.87,8.41,6.56,13.05,9.78,5.86,3.48,13.76,13.32,14.54,1.89,6.54,4.42,3.90,9.42,12.54,6.69,5.12,1.09,2.95,8.24,6.30,4.00,3.59,1.59,1.41,2.77,3.44,3.45,1.09,3.20,9.75,1.09,0.08
67,1.86,0.13,0.51,0.45,1.08,0.21,1.15,0.86,1.20,0.73,0.43,1.66,1.31,1.15,2.82,0.20,0.89,2.51,2.31,2.97,1.76,0.35,2.57,1.30,1.09,4.18,1.65,0.14,0.87,0.90,1.90,0.37,1.19,0.49,0.64,2.00,4.02,1.89,0.64,0.07,0.10,1.58,1.63,2.44,0.28,1.04,1.05,1.82,3.10,0.77,2.13,2.08,2.43,2.20,7.64,5.06,2.33,3.54,2.32,4.39,3.37,4.10,2.70,3.79,1.79,4.78,0.00,3.92,4.15,1.80,1.01,1.88,0.63,5.90,3.93,0.04,4.98,5.13,2.80,7.44,5.45,0.84,1.73,6.40,2.59,0.58,0.56,4.57,2.97,4.22,0.77,0.34,3.05,9.54,3.59,3.89,4.48,0.15,1.15,0.11,4.87,1.09,2.65,0.75,2.82,6.01,1.95,7.74,9.35,5.65,0.10,1.81,2.23,0.53
68,6.68,2.30,2.29,3.47,5.01,3.31,0.77,4.06,4.78,3.00,2.86,1.31,5.01,4.59,0.08,2.41,2.34,0.67,0.45,0.18,1.55,3.94,0.33,5.54,2.14,2.06,0.35,2.84,4.27,4.45,5.06,5.56,3.69,3.63,2.85,0.94,1.07,0.72,3.62,3.56,3.48,3.92,1.24,0.82,3.63,5.46,4.96,5.14,6.49,2.19,0.93,1.33,0.35,0.10,2.13,1.59,7.20,8.56,7.19,8.67,6.59,10.23,7.85,8.69,7.80,8.19,3.92,0.00,1.09,1.57,2.59,2.72,3.03,0.82,0.21,2.48,0.83,0.89,0.10,2.36,0.44,2.74,2.24,1.62,2.74,1.44,2.81,0.64,0.82,0.81,3.22,1.28,7.56,9.01,3.72,0.56,7.99,5.96,3.22,3.90,1.37,4.02,8.53,3.75,6.97,7.87,7.22,9.64,9.03,8.57,7.08,5.26,8.35,7.59
