,Surah 1,Surah 2,Surah 3,Surah 4,Surah 5,Surah 6,Surah 7,Surah 8,Surah 9,Surah 10,Surah 11,Surah 12,Surah 13,Surah 14,Surah 15,Surah 16,Surah 17,Surah 18,Surah 19,Surah 20,Surah 21,Surah 22,Surah 23,Surah 24,Surah 25,Surah 26,Surah 27,Surah 28,Surah 29,Surah 30,Surah 31,Surah 32,Surah 33,Surah 34,Surah 35,Surah 36,Surah 37,Surah 38,Surah 39,Surah 40,Surah 41,Surah 42,Surah 43,Surah 44,Surah 45,Surah 46,Surah 47,Surah 48,Surah 49,Surah 50,Surah 51,Surah 52,Surah 53,Surah 54,Surah 55,Surah 56,Surah 57,Surah 58,Surah 59,Surah 60,Surah 61,Surah 62,Surah 63,Surah 64,Surah 65,Surah 66,Surah 67,Surah 68,Surah 69,Surah 70,Surah 71,Surah 72,Surah 73,Surah 74,Surah 75,Surah 76,Surah 77,Surah 78,Surah 79,Surah 80,Surah 81,Surah 82,Surah 83,Surah 84,Surah 85,Surah 86,Surah 87,Surah 88,Surah 89,Surah 90,Surah 91,Surah 92,Surah 93,Surah 94,Surah 95,Surah 96,Surah 97,Surah 98,Surah 99,Surah 100,Surah 101,Surah 102,Surah 103,Surah 104,Surah 105,Surah 106,Surah 107,Surah 108,Surah 109,Surah 110,Surah 111,Surah 112,Surah 113,Surah 114
Surah 1,100.00,79.59,87.32,83.91,82.67,85.67,84.06,84.42,85.66,85.85,84.08,78.64,86.91,85.95,78.52,85.37,82.77,83.49,85.78,84.46,84.01,79.23,78.27,85.41,85.30,78.85,85.64,79.69,85.74,84.38,87.43,84.70,85.22,83.64,86.19,81.95,87.52,85.27,85.63,83.43,80.23,86.41,80.88,85.60,86.82,83.29,85.06,84.20,85.76,77.71,81.52,85.26,84.11,80.10,83.13,72.51,85.74,84.62,86.53,83.54,87.69,88.44,85.19,86.59,85.86,86.24,84.99,84.85,82.11,84.48,82.62,84.34,86.97,87.19,85.18,82.46,73.14,80.78,83.46,84.85,84.13,81.06,82.61,88.08,85.21,86.35,90.31,72.49,62.99,77.28,87.69,62.73,85.97,77.59,75.93,85.30,75.30,87.69,68.45,86.57,85.92,68.64,73.72,85.98,68.31,77.35,79.40,63.31,80.59,88.47,69.08,82.34,82.45,69.11
Surah 2,79.59,100.00,87.95,81.28,81.71,87.32,86.39,90.73,88.38,87.10,83.48,80.41,89.06,83.54,80.06,84.30,78.89,82.99,83.65,84.14,85.48,79.23,89.90,84.45,82.07,85.00,89.04,78.71,88.61,86.00,90.47,87.00,84.40,82.91,85.38,86.43,87.74,85.25,87.63,81.38,80.23,87.70,80.60,85.38,87.33,84.83,85.29,85.87,85.84,76.68,81.65,87.14,83.67,79.35,82.32,76.60,84.46,84.70,88.07,87.67,83.99,84.46,86.22,87.70,83.34,84.41,82.50,83.31,76.38,79.00,80.51,81.69,82.83,82.21,81.56,77.01,72.67,77.06,77.31,78.93,77.94,80.61,82.03,83.94,84.05,76.47,80.76,62.40,61.46,72.94,76.67,58.90,80.11,63.31,65.79,83.13,62.75,82.99,62.57,74.44,72.31,69.72,63.20,76.51,58.08,68.67,67.45,57.09,77.63,79.34,57.02,67.44,67.24,52.78
Surah 3,87.32,87.95,100.00,93.59,94.03,95.20,92.90,94.50,95.35,95.54,95.84,89.49,97.01,96.42,85.90,95.70,92.29,93.20,93.28,94.63,94.97,90.70,80.25,95.33,92.44,85.48,93.93,85.79,94.52,94.12,94.03,94.72,95.28,93.49,96.09,86.61,94.33,95.00,95.65,95.66,90.94,96.76,89.74,94.76,96.06,94.70,94.60,90.97,94.13,85.05,85.94,94.14,94.64,89.80,89.34,77.82,95.84,94.82,96.38,93.07,95.60,91.42,94.25,95.17,94.28,93.73,91.77,95.08,90.64,92.68,88.08,92.31,90.99,93.49,87.82,83.74,72.82,77.50,89.66,90.09,80.96,80.35,87.71,88.76,89.58,87.89,92.23,69.29,68.19,75.08,87.17,68.35,81.97,68.76,69.35,86.33,68.13,90.29,64.15,85.11,82.77,63.37,63.60,86.00,62.91,70.13,69.19,56.23,72.90,84.25,64.19,75.62,74.25,57.56
Surah 4,83.91,81.28,93.59,100.00,95.83,90.11,93.53,92.96,91.76,94.11,95.69,91.61,94.79,93.87,88.16,96.51,93.87,91.07,91.51,92.61,93.72,89.66,75.18,93.96,90.74,84.34,92.60,83.30,92.51,92.86,90.68,93.54,96.54,91.02,93.96,83.74,89.85,94.86,93.98,94.38,93.18,94.59,92.55,94.08,93.31,93.57,91.32,87.05,93.86,85.87,83.31,89.10,91.80,90.75,89.27,75.63,92.82,95.93,93.28,92.73,93.59,86.75,93.17,90.91,94.02,94.86,88.66,95.41,93.59,92.44,85.71,93.75,91.99,92.27,83.51,80.53,66.65,80.95,90.51,90.90,76.16,73.71,84.17,85.29,83.83,86.86,89.52,66.52,66.30,74.79,85.46,67.92,76.40,64.27,66.58,81.32,61.52,89.51,59.14,84.67,82.67,56.35,57.55,84.58,57.58,68.96,63.47,53.32,69.74,78.03,65.29,71.06,69.83,53.13
Surah 5,82.67,81.71,94.03,95.83,100.00,88.82,93.27,93.29,92.04,93.50,96.72,91.84,94.95,95.10,89.49,96.74,93.47,91.21,89.93,94.17,94.17,89.92,71.99,94.31,88.00,82.72,93.68,82.54,93.25,93.58,91.52,94.22,95.60,91.45,94.02,85.53,89.59,94.96,93.69,96.06,94.75,95.35,92.20,94.39,94.24,94.53,91.96,86.54,94.90,85.34,82.55,89.45,92.23,92.07,88.07,73.31,92.77,94.30,92.91,94.56,94.51,85.17,93.80,90.02,95.14,93.26,86.29,96.41,93.79,92.31,85.20,93.68,91.22,91.87,83.43,78.45,66.40,76.38,90.98,91.47,74.15,72.70,85.09,83.10,84.11,86.39,88.17,63.84,64.40,73.68,83.59,67.32,74.23,59.67,67.66,78.86,60.37,88.96,54.59,82.52,82.68,54.86,57.58,86.23,54.02,68.65,62.95,54.48,66.77,75.28,62.81,67.72,67.20,52.12
Surah 6,85.67,87.32,95.20,90.11,88.82,100.00,89.59,91.20,93.55,92.41,91.28,85.81,93.86,92.44,82.78,92.26,88.69,89.79,91.69,91.57,91.38,87.18,78.83,90.52,92.32,84.06,90.48,84.29,91.14,91.42,90.66,92.11,91.84,91.61,94.54,82.89,92.33,91.28,92.02,90.78,85.73,93.82,86.80,91.57,93.53,92.55,90.84,90.77,89.71,84.75,84.00,91.17,91.00,85.48,88.82,75.74,94.84,91.56,94.69,89.21,92.24,91.09,91.10,95.72,89.78,91.07,91.43,91.23,86.37,88.60,87.30,88.33,87.95,90.33,86.66,83.90,71.76,79.55,84.88,87.03,81.00,79.71,83.83,88.20,87.68,86.19,90.78,69.02,67.50,75.47,86.38,65.77,82.60,69.51,69.54,86.84,68.96,86.59,66.27,83.83,78.73,67.70,61.98,82.47,63.36,70.04,67.60,56.08,71.83,84.90,64.88,75.10,73.66,56.76
Surah 7,84.06,86.39,92.90,93.53,93.27,89.59,100.00,93.35,92.31,94.78,94.28,92.55,95.15,94.19,91.44,94.65,92.74,91.57,92.61,93.66,94.03,89.08,80.32,93.88,88.54,89.36,93.24,86.70,94.03,92.52,92.08,94.24,94.72,90.03,91.72,89.20,92.14,95.48,93.50,92.59,92.36,93.45,92.78,95.38,93.43,92.43,92.04,89.29,94.13,89.54,87.82,91.85,93.43,91.40,89.59,80.68,91.40,94.06,95.27,93.37,93.32,87.86,93.87,90.23,94.10,94.27,88.61,93.28,92.00,91.13,87.66,94.82,91.98,92.65,86.15,83.30,73.31,82.56,91.41,90.53,79.79,78.27,87.13,87.07,87.48,86.64,89.51,68.67,67.20,77.56,85.20,65.22,79.22,69.24,69.36,83.11,64.85,91.00,62.88,85.09,82.70,64.77,61.73,82.92,63.66,73.53,67.97,57.25,74.68,80.85,63.82,71.93,70.83,59.26
Surah 8,84.42,90.73,94.50,92.96,93.29,91.20,93.35,100.00,94.65,94.31,94.73,88.77,95.25,93.24,86.74,94.94,90.13,91.02,91.00,91.53,92.97,87.81,82.61,93.33,88.21,83.31,94.34,82.48,95.69,93.61,92.90,93.61,95.59,90.03,93.48,85.79,89.40,93.22,95.55,93.16,92.24,96.00,90.26,93.23,94.06,92.95,93.07,90.47,95.41,82.73,82.27,91.04,90.56,87.89,87.40,73.73,92.50,94.27,94.05,96.07,94.02,88.43,94.29,93.00,92.75,93.30,86.58,94.32,88.72,89.33,86.34,91.53,88.90,89.65,84.28,77.54,69.26,76.94,87.10,87.41,75.65,75.41,84.56,85.85,87.29,83.30,88.94,61.99,64.53,72.62,82.71,66.23,78.07,61.76,65.45,85.21,60.75,89.89,58.34,81.43,78.88,60.84,60.83,83.00,55.86,68.13,65.48,52.66,75.14,81.96,59.04,70.59,67.74,51.48
Surah 9,85.66,88.38,95.35,91.76,92.04,93.55,92.31,94.65,100.00,94.58,93.93,89.46,95.23,94.00,84.95,94.51,90.77,90.34,91.96,92.70,92.80,88.40,79.87,92.34,90.30,85.37,92.97,85.79,93.61,93.42,92.28,94.14,94.25,90.48,94.42,84.58,91.65,93.32,94.79,93.40,89.99,95.01,89.69,93.63,94.69,93.43,91.34,90.51,93.52,84.46,84.43,91.85,91.17,88.04,88.44,76.93,93.34,93.50,95.29,93.21,93.66,89.97,93.51,93.88,92.95,92.97,89.10,93.38,88.92,89.60,89.32,91.00,89.67,90.38,86.86,81.80,72.14,78.78,87.16,86.43,78.80,78.20,84.85,86.63,87.10,85.19,88.93,66.25,67.25,73.51,84.41,65.34,80.46,66.45,68.25,85.55,66.31,89.80,62.36,82.69,78.47,64.71,59.05,82.31,61.50,69.74,67.41,55.79,73.74,83.11,60.92,73.01,71.04,55.87
Surah 10,85.85,87.10,95.54,94.11,93.50,92.41,94.78,94.31,94.58,100.00,95.85,92.11,96.37,95.69,89.35,96.19,93.92,94.56,93.56,93.98,95.40,89.32,81.09,94.15,91.94,89.29,95.26,87.73,96.40,94.38,94.73,95.17,96.37,94.20,94.97,88.78,93.41,96.83,95.90,95.09,92.51,95.21,92.63,95.83,94.78,93.74,93.93,88.89,94.33,89.85,86.39,92.87,94.93,92.21,91.81,79.95,93.96,95.66,96.64,93.83,95.21,92.67,95.56,92.63,94.29,95.20,91.43,95.23,92.16,93.52,88.93,95.59,91.14,93.16,87.64,85.53,74.19,80.16,91.12,90.33,80.46,76.92,88.44,88.24,88.84,87.84,90.50,68.43,68.22,75.65,86.54,66.96,80.75,67.33,69.64,86.15,65.58,92.04,63.61,87.13,82.87,63.07,62.56,85.57,64.15,71.84,70.66,54.31,73.65,83.56,65.89,74.63,72.96,61.02
Surah 11,84.08,83.48,95.84,95.69,96.72,91.28,94.28,94.73,93.93,95.85,100.00,91.65,96.40,96.06,88.77,97.36,94.19,93.08,92.65,94.56,95.51,90.92,75.64,95.35,90.36,83.21,93.85,84.02,94.96,94.36,93.16,95.66,97.20,93.51,95.41,85.61,91.10,96.00,96.13,97.03,94.89,97.02,92.64,95.98,95.36,95.17,93.78,88.78,95.85,85.36,84.07,91.23,94.28,91.83,88.47,74.27,94.64,96.01,95.00,94.82,95.54,88.30,94.77,92.08,95.64,94.68,89.15,97.10,93.44,93.39,87.53,94.98,91.16,92.76,85.17,80.93,68.96,75.80,91.08,90.92,76.52,73.94,85.96,85.53,86.28,86.04,90.17,64.66,66.89,72.07,84.70,68.61,76.85,62.59,66.23,82.43,62.63,89.34,57.85,83.95,82.05,57.57,57.82,84.82,57.55,67.18,64.12,53.37,69.30,79.85,62.05,70.52,69.12,54.38
Surah 12,78.64,80.41,89.49,91.61,91.84,85.81,92.55,88.77,89.46,92.11,91.65,100.00,92.35,91.36,91.37,92.74,92.89,87.45,90.00,92.88,92.10,86.28,69.98,90.30,85.36,86.38,92.91,86.37,90.52,90.49,88.04,91.17,93.27,90.04,89.51,85.37,88.29,93.24,89.41,91.86,93.63,90.38,95.34,93.06,91.14,90.86,87.53,83.17,89.45,90.41,83.58,87.69,91.94,91.23,90.69,78.08,89.67,91.81,90.17,89.34,90.86,83.41,90.59,86.65,90.16,91.91,86.12,92.12,92.53,90.38,85.08,93.07,91.08,90.00,82.01,80.02,68.27,81.06,91.13,89.36,75.70,72.64,83.46,81.07,81.68,86.32,84.85,66.23,63.84,74.54,84.43,63.38,73.56,61.66,66.72,79.98,61.36,86.55,57.36,82.07,82.37,59.73,54.84,81.39,57.47,68.59,63.94,52.76,66.20,73.01,62.96,69.62,67.45,53.96
Surah 13,86.91,89.06,97.01,94.79,94.95,93.86,95.15,95.25,95.23,96.37,96.40,92.35,100.00,96.42,89.13,97.20,93.38,91.94,92.71,95.49,95.98,91.67,80.25,95.81,91.25,88.12,95.38,87.84,95.39,95.25,94.15,96.12,96.30,93.32,95.10,88.49,94.58,96.49,95.98,95.64,92.78,96.87,92.74,96.11,96.79,95.32,93.94,89.55,95.71,87.32,88.17,94.51,95.31,92.29,91.49,79.47,95.78,95.71,96.58,94.11,95.56,90.31,94.85,94.65,95.43,94.43,91.78,95.67,92.76,92.73,87.16,94.38,93.30,94.51,88.50,84.85,73.35,80.72,91.75,90.85,81.88,81.04,88.40,88.65,88.43,88.38,91.55,70.28,69.30,75.61,88.17,68.64,80.95,68.54,70.81,84.66,67.88,90.51,63.82,85.57,83.89,64.90,61.85,86.06,63.00,71.41,68.93,58.12,75.06,81.85,64.05,74.19,74.14,57.98
Surah 14,85.95,83.54,96.42,93.87,95.10,92.44,94.19,93.24,94.00,95.69,96.06,91.36,96.42,100.00,89.93,96.32,94.34,93.13,92.15,95.13,95.19,90.42,76.07,95.27,90.98,85.33,94.52,87.11,94.70,93.66,93.37,95.18,95.40,92.66,95.01,87.03,92.87,95.68,94.85,96.88,93.47,95.71,92.21,95.68,96.17,94.71,93.85,89.17,93.93,86.86,85.80,93.06,94.91,91.45,89.70,76.48,94.56,94.92,96.14,92.80,95.74,90.37,94.37,92.84,95.37,93.77,90.52,95.51,93.16,93.93,88.62,94.60,91.28,93.70,86.75,82.62,71.47,77.54,91.42,91.62,79.10,77.27,88.02,87.12,88.54,88.13,91.38,69.46,66.53,74.95,87.33,68.19,79.49,67.61,69.33,83.23,67.58,91.35,61.57,86.64,83.51,61.43,60.85,86.92,62.11,72.09,68.75,56.14,70.48,82.00,65.91,74.54,73.63,59.10
Surah 15,78.52,80.06,85.90,88.16,89.49,82.78,91.44,86.74,84.95,89.35,88.77,91.37,89.13,89.93,100.00,89.03,88.46,86.35,85.48,89.48,89.35,83.46,74.09,89.62,82.33,87.16,91.38,84.31,88.95,88.32,87.50,89.55,88.17,84.57,85.85,86.90,86.68,91.28,86.79,89.17,90.88,86.81,92.55,89.84,88.52,87.67,88.27,82.13,86.80,89.16,85.34,86.23,89.15,89.88,86.60,79.42,84.53,88.50,88.04,87.74,86.70,79.56,88.34,81.91,89.93,87.86,82.09,88.15,88.87,87.81,82.65,91.08,87.61,88.16,79.40,80.24,71.40,81.82,90.46,87.81,76.81,75.71,85.78,81.38,82.71,83.43,81.26,68.20,59.69,77.31,81.36,59.97,73.24,62.27,70.34,76.61,61.19,86.71,57.28,81.27,81.61,61.36,60.09,81.39,58.77,74.35,67.18,55.03,65.74,74.11,64.33,66.75,65.69,55.51
Surah 16,85.37,84.30,95.70,96.51,96.74,92.26,94.65,94.94,94.51,96.19,97.36,92.74,97.20,96.32,89.03,100.00,94.70,92.10,92.46,95.73,95.84,91.23,75.09,94.59,91.69,84.59,95.29,85.87,95.32,95.53,93.00,96.01,97.49,94.42,95.91,85.78,92.48,96.00,95.92,96.41,94.68,96.94,93.49,96.37,96.29,96.15,92.46,88.30,95.68,87.11,84.29,92.11,94.58,92.32,91.91,75.25,95.97,96.02,95.60,94.28,96.24,89.75,94.43,93.72,95.09,95.01,90.73,97.36,93.97,94.06,87.00,95.03,92.62,93.86,87.20,82.23,68.91,79.50,91.16,91.77,77.95,74.83,86.33,86.24,85.95,88.86,91.27,67.59,67.13,73.51,86.82,68.90,77.80,63.04,67.63,83.96,65.28,90.59,60.09,85.61,84.00,60.05,58.44,86.19,57.34,71.31,66.03,54.35,71.28,78.52,64.82,72.33,71.45,55.01
Surah 17,82.77,78.89,92.29,93.87,93.47,88.69,92.74,90.13,90.77,93.92,94.19,92.89,93.38,94.34,88.46,94.70,100.00,92.16,93.36,94.02,92.89,87.19,72.31,93.27,91.49,84.29,93.20,89.48,91.53,92.35,88.28,92.53,94.51,92.70,92.20,83.04,90.25,94.66,92.10,95.03,93.16,92.29,92.89,93.76,92.93,91.83,91.92,84.79,90.86,88.07,82.72,89.20,93.81,91.43,91.84,76.86,92.54,93.20,93.54,90.30,93.60,87.91,91.27,89.22,92.80,93.60,88.75,93.93,94.82,93.61,88.82,94.19,91.37,91.90,85.00,83.70,68.04,79.29,92.88,90.18,75.81,70.16,84.03,83.68,85.47,89.16,88.56,66.19,65.51,72.81,87.26,65.87,76.03,63.60,64.55,80.86,66.30,89.54,58.35,86.46,83.32,55.55,56.74,84.85,57.91,71.96,65.88,50.01,65.86,77.90,66.88,72.50,69.18,56.44
Surah 18,83.49,82.99,93.20,91.07,91.21,89.79,91.57,91.02,90.34,94.56,93.08,87.45,91.94,93.13,86.35,92.10,92.16,100.00,91.14,90.62,90.69,84.76,79.24,92.08,92.43,85.13,91.40,85.29,92.86,91.35,90.73,90.46,92.79,91.94,92.04,86.48,89.82,93.41,92.13,92.43,88.89,91.26,87.69,91.20,90.58,89.19,94.40,86.33,91.04,85.31,83.30,89.62,92.70,88.90,87.73,77.15,89.63,91.44,93.61,91.26,92.03,89.24,91.86,88.59,91.93,91.85,88.11,92.36,89.17,91.68,84.94,92.64,86.42,90.13,83.65,83.49,72.17,74.57,88.25,88.72,75.54,73.16,86.40,85.19,87.77,86.14,87.36,65.66,64.56,73.63,83.71,64.83,78.68,66.22,69.08,82.72,63.34,88.97,60.43,85.47,80.94,57.04,66.17,84.35,62.99,69.65,69.77,52.12,68.12,82.55,66.18,74.48,69.95,59.16
Surah 19,85.78,83.65,93.28,91.51,89.93,91.69,92.61,91.00,91.96,93.56,92.65,90.00,92.71,92.15,85.48,92.46,93.36,91.14,100.00,93.29,90.92,85.82,78.37,91.06,91.69,84.16,91.83,87.23,90.41,89.65,90.59,92.22,93.94,91.51,92.85,82.60,91.30,92.37,92.49,91.64,89.17,92.96,90.05,93.34,92.80,90.21,90.61,88.58,91.24,85.16,84.51,90.32,92.79,85.96,89.79,78.42,92.14,93.17,93.49,90.57,93.03,90.34,90.79,90.90,90.75,95.52,91.01,92.06,88.98,90.59,89.54,92.35,90.48,91.11,86.13,84.35,71.08,80.37,89.19,88.55,79.66,74.84,82.06,88.18,85.52,86.14,91.16,66.92,67.87,74.00,86.27,65.31,82.33,69.88,63.75,87.06,67.75,87.74,64.72,86.91,80.92,60.80,59.06,82.09,63.19,71.24,68.07,55.29,73.03,83.42,67.60,74.88,72.44,60.22
Surah 20,84.46,84.14,94.63,92.61,94.17,91.57,93.66,91.53,92.70,93.98,94.56,92.88,95.49,95.13,89.48,95.73,94.02,90.62,93.29,100.00,93.83,89.35,74.79,93.37,90.91,85.93,94.53,88.42,92.76,92.40,90.93,95.42,94.32,93.28,93.47,86.25,93.44,94.02,93.81,94.94,93.13,94.10,93.04,94.62,95.86,94.92,91.20,87.24,93.08,86.78,86.16,92.42,95.20,90.36,91.22,78.51,94.38,93.06,94.19,91.90,94.61,87.64,92.03,92.59,94.02,93.21,89.70,94.33,92.00,92.72,87.42,94.06,92.13,93.65,88.25,83.60,71.36,79.89,91.99,92.01,79.95,78.23,86.22,85.91,86.56,90.31,90.76,68.98,67.25,76.40,86.74,67.90,79.52,65.22,69.46,84.53,67.90,88.98,61.86,84.91,84.80,63.59,60.89,86.60,58.90,71.65,67.18,57.43,70.97,78.17,65.54,74.08,72.94,58.18
Surah 21,84.01,85.48,94.97,93.72,94.17,91.38,94.03,92.97,92.80,95.40,95.51,92.10,95.98,95.19,89.35,95.84,92.89,90.69,90.92,93.83,100.00,90.88,76.40,93.83,90.14,86.66,94.37,84.90,94.50,94.20,93.49,94.88,95.21,92.92,94.01,87.83,92.98,96.11,94.09,95.27,94.71,95.31,92.54,95.87,95.10,95.26,91.89,87.48,94.15,88.25,85.16,92.35,95.13,93.57,89.76,75.82,94.06,94.72,94.79,92.29,94.38,88.41,94.63,91.55,93.75,92.98,89.45,96.05,93.49,92.44,86.19,94.59,91.56,93.06,85.15,82.09,70.73,77.82,91.52,90.94,79.01,76.26,87.97,85.60,87.19,87.42,89.95,69.86,66.37,73.65,86.18,67.37,77.54,62.54,67.71,82.95,63.72,89.96,60.59,83.85,83.80,60.90,58.68,85.77,59.50,69.43,67.11,52.24,70.54,78.75,62.95,72.50,71.37,54.67
Surah 22,79.23,79.23,90.70,89.66,89.92,87.18,89.08,87.81,88.40,89.32,90.92,86.28,91.67,90.42,83.46,91.23,87.19,84.76,85.82,89.35,90.88,100.00,70.43,89.91,83.55,80.49,87.64,79.73,88.24,89.36,87.10,90.11,89.78,87.35,89.31,80.90,88.15,90.50,87.97,90.43,87.60,90.38,86.47,90.25,90.23,90.18,86.63,83.88,88.96,83.54,81.85,86.92,90.25,88.31,83.45,73.58,90.29,90.01,90.01,87.45,88.93,81.82,88.82,87.92,89.42,87.94,86.25,89.76,88.09,87.15,81.92,88.13,87.74,89.20,82.77,79.03,66.56,74.66,87.23,85.83,76.65,74.62,81.49,82.00,83.31,83.59,85.35,69.68,63.60,71.01,82.76,63.04,72.07,62.14,64.16,75.96,63.33,82.87,69.98,80.40,79.61,60.65,55.62,80.88,58.71,65.31,59.76,53.05,65.75,74.02,59.44,67.80,67.13,50.79
Surah 23,78.27,89.90,80.25,75.18,71.99,78.83,80.32,82.61,79.87,81.09,75.64,69.98,80.25,76.07,74.09,75.09,72.31,79.24,78.37,74.79,76.40,70.43,100.00,79.00,77.96,83.99,79.90,75.82,82.66,77.16,83.66,78.89,77.10,73.28,75.90,82.69,81.92,78.92,81.60,73.20,70.86,78.46,72.08,77.40,77.62,73.66,82.46,79.87,79.41,71.21,81.33,80.92,76.01,72.26,75.12,78.65,74.19,79.55,80.89,81.46,75.74,79.68,79.08,77.63,78.52,78.99,75.81,73.70,68.66,72.50,75.62,75.51,75.02,75.52,77.59,74.78,77.06,76.44,72.07,71.58,77.41,80.02,78.53,81.15,80.86,69.68,74.35,61.40,53.78,73.24,71.74,49.86,77.99,66.91,66.33,77.63,61.02,78.98,61.80,70.78,67.80,66.42,69.66,69.42,62.66,66.95,71.67,55.50,77.53,79.23,58.18,64.01,66.62,57.41
Surah 24,85.41,84.45,95.33,93.96,94.31,90.52,93.88,93.33,92.34,94.15,95.35,90.30,95.81,95.27,89.62,94.59,93.27,92.08,91.06,93.37,93.83,89.91,79.00,100.00,89.55,86.30,93.78,86.35,93.99,92.72,91.69,93.94,94.01,90.03,92.38,87.34,91.80,95.80,93.48,95.61,92.69,93.91,91.29,93.72,94.17,93.28,95.77,87.06,93.35,86.23,88.04,92.61,93.37,92.20,88.69,77.77,92.43,93.99,94.43,92.79,93.86,86.29,94.07,90.86,95.71,92.11,88.55,94.06,93.52,93.00,85.71,93.46,90.80,92.51,84.82,83.41,73.59,77.81,92.59,90.35,80.56,78.90,88.93,84.91,90.28,86.37,89.08,69.94,66.39,74.59,86.77,66.52,77.14,66.70,69.74,80.35,64.08,91.22,58.46,83.96,83.27,60.70,62.41,85.57,63.35,69.84,67.96,53.63,69.89,80.23,62.10,71.44,71.57,56.07
Surah 25,85.30,82.07,92.44,90.74,88.00,92.32,88.54,88.21,90.30,91.94,90.36,85.36,91.25,90.98,82.33,91.69,91.49,92.43,91.69,90.91,90.14,83.55,77.96,89.55,100.00,82.88,89.54,87.48,89.04,91.20,88.39,90.86,91.18,92.64,92.24,82.28,91.80,91.09,91.11,89.75,86.13,91.09,86.99,90.01,91.14,89.68,90.68,85.41,88.14,83.85,81.77,87.62,91.22,85.34,90.22,76.17,92.80,90.40,92.66,86.46,90.81,91.50,87.16,92.12,88.90,91.09,91.77,90.97,86.86,90.50,84.82,89.35,86.43,89.80,86.13,84.73,69.19,80.46,85.10,86.68,77.86,73.08,82.74,86.22,83.82,87.37,87.66,65.71,66.35,74.77,84.74,64.91,80.88,66.63,66.78,84.77,67.98,86.27,62.95,84.46,79.09,58.06,60.82,81.81,60.12,70.20,69.37,50.33,69.02,81.28,68.77,77.46,71.71,59.02
Surah 26,78.85,85.00,85.48,84.34,82.72,84.06,89.36,83.31,85.37,89.29,83.21,86.38,88.12,85.33,87.16,84.59,84.29,85.13,84.16,85.93,86.66,80.49,83.99,86.30,82.88,100.00,86.93,86.78,88.25,85.86,86.99,86.09,84.53,82.36,83.13,90.75,88.96,89.46,84.94,83.74,81.95,82.85,86.92,87.57,84.66,82.76,86.01,82.22,83.54,90.82,89.93,87.74,88.02,89.13,87.16,90.14,81.85,87.13,88.75,85.23,83.15,82.87,87.61,81.22,87.28,85.89,82.72,83.47,84.62,82.42,82.02,87.57,86.15,86.72,82.11,85.40,83.75,85.27,87.31,82.48,81.94,83.09,88.14,84.38,83.39,83.32,78.90,73.00,61.74,82.16,82.35,58.01,77.86,71.53,75.42,77.90,65.76,84.71,66.91,81.28,78.25,68.89,66.15,79.31,70.32,72.97,74.24,62.89,70.12,76.83,67.42,68.95,73.57,62.62
Surah 27,85.64,89.04,93.93,92.60,93.68,90.48,93.24,94.34,92.97,95.26,93.85,92.91,95.38,94.52,91.38,95.29,93.20,91.40,91.83,94.53,94.37,87.64,79.90,93.78,89.54,86.93,100.00,87.43,94.94,93.99,95.27,94.08,94.48,92.43,93.89,89.58,91.92,94.86,93.82,94.43,94.06,94.67,93.22,94.11,95.36,94.00,92.39,87.76,92.96,87.44,84.86,92.09,92.87,91.13,91.66,77.31,92.59,93.38,94.27,93.11,94.57,89.57,93.66,91.10,92.55,93.65,88.05,94.69,92.35,92.38,86.45,92.96,91.26,91.45,84.63,81.85,72.05,79.45,91.13,91.27,78.30,76.65,88.11,85.54,87.95,87.19,89.45,68.29,64.69,73.88,86.84,66.88,79.28,62.24,69.25,84.31,62.87,92.20,59.80,84.63,84.12,62.61,60.43,87.05,57.94,72.77,71.24,52.85,72.33,79.76,64.89,72.21,71.86,55.30
Surah 28,79.69,78.71,85.79,83.30,82.54,84.29,86.70,82.48,85.79,87.73,84.02,86.37,87.84,87.11,84.31,85.87,89.48,85.29,87.23,88.42,84.90,79.73,75.82,86.35,87.48,86.78,87.43,100.00,86.20,85.86,82.65,87.20,85.72,84.64,82.68,83.30,89.04,88.02,84.85,85.64,82.91,83.41,87.28,85.63,85.83,84.23,86.59,78.98,82.48,86.36,84.29,85.66,88.17,84.94,89.94,80.65,84.65,85.62,88.50,82.28,85.87,85.13,83.61,83.76,86.69,86.59,84.99,84.02,85.48,85.64,84.01,88.23,84.13,86.38,84.42,85.26,74.30,81.57,86.95,82.95,80.14,76.09,83.88,82.40,81.52,84.73,81.53,66.07,62.05,76.13,84.29,56.91,78.63,69.87,70.11,81.06,66.76,84.36,64.30,81.20,78.00,63.21,61.85,78.56,65.76,72.56,70.75,54.85,69.13,75.47,66.02,70.41,71.71,65.65
Surah 29,85.74,88.61,94.52,92.51,93.25,91.14,94.03,95.69,93.61,96.40,94.96,90.52,95.39,94.70,88.95,95.32,91.53,92.86,90.41,92.76,94.50,88.24,82.66,93.99,89.04,88.25,94.94,86.20,100.00,94.50,93.79,94.11,95.50,91.58,92.88,90.67,91.77,95.27,95.30,94.11,92.26,94.36,91.64,94.27,93.66,93.38,93.82,89.06,94.82,88.19,84.43,91.47,93.09,91.15,89.64,76.39,92.30,94.72,95.25,94.99,95.07,90.18,95.12,91.52,94.33,92.90,86.57,94.52,91.07,91.37,87.24,94.09,89.69,90.80,85.97,82.10,74.25,79.67,89.70,88.85,78.71,77.68,88.88,85.52,89.48,86.70,89.66,66.52,64.64,76.14,85.04,66.93,78.76,64.59,72.15,85.16,62.69,91.94,61.22,83.94,81.81,65.73,64.35,85.25,60.26,69.97,70.18,53.80,73.56,82.18,61.40,73.11,72.00,57.98
Surah 30,84.38,86.00,94.12,92.86,93.58,91.42,92.52,93.61,93.42,94.38,94.36,90.49,95.25,93.66,88.32,95.53,92.35,91.35,89.65,92.40,94.20,89.36,77.16,92.72,91.20,85.86,93.99,85.86,94.50,100.00,91.69,93.68,93.73,92.47,94.15,86.84,92.15,95.02,93.03,93.74,91.54,94.82,91.09,93.66,93.94,93.08,92.34,88.66,93.17,88.38,83.68,89.75,92.91,92.30,90.70,75.54,93.44,92.53,94.55,92.77,93.26,88.73,92.25,91.81,92.47,91.44,88.44,94.25,91.88,91.15,85.28,91.45,90.48,91.44,86.71,82.47,69.40,79.96,89.63,88.31,75.49,73.62,86.59,84.31,86.86,87.96,88.06,67.82,66.45,72.84,84.74,67.00,76.92,61.45,69.67,81.02,64.80,89.35,59.68,83.70,81.91,62.10,60.97,84.68,57.23,70.97,66.41,52.42,69.07,79.98,62.58,71.42,69.70,53.88
Surah 31,87.43,90.47,94.03,90.68,91.52,90.66,92.08,92.90,92.28,94.73,93.16,88.04,94.15,93.37,87.50,93.00,88.28,90.73,90.59,90.93,93.49,87.10,83.66,91.69,88.39,86.99,95.27,82.65,93.79,91.69,100.00,92.91,92.62,90.65,94.64,91.34,91.45,93.69,93.51,91.71,90.32,95.04,89.53,93.92,93.41,91.82,91.30,90.78,92.80,84.81,86.45,91.45,90.85,88.67,87.59,76.95,90.83,92.36,93.44,92.61,92.51,90.83,92.75,90.17,91.40,92.62,88.80,92.63,87.62,88.85,86.76,90.42,89.59,90.11,83.91,82.60,74.14,78.66,86.95,88.55,79.28,79.65,86.64,88.10,86.45,82.89,88.90,69.94,65.29,75.24,83.61,66.21,81.40,66.18,70.39,84.11,63.66,89.83,63.29,83.29,81.65,64.00,63.04,85.13,62.43,71.54,72.59,58.02,74.58,83.44,65.13,71.35,73.76,58.68
Surah 32,84.70,87.00,94.72,93.54,94.22,92.11,94.24,93.61,94.14,95.17,95.66,91.17,96.12,95.18,89.55,96.01,92.53,90.46,92.22,95.42,94.88,90.11,78.89,93.94,90.86,86.09,94.08,87.20,94.11,93.68,92.91,100.00,94.82,91.52,94.02,87.42,93.02,94.73,96.46,96.06,93.88,95.24,92.64,95.28,97.11,96.61,92.26,88.80,93.59,86.06,85.73,91.84,93.84,90.47,90.23,77.25,94.27,94.41,94.94,93.29,94.20,88.51,93.27,93.00,94.57,92.86,89.70,95.12,91.34,91.22,87.83,93.45,91.29,92.21,87.21,82.21,72.07,80.32,89.93,90.22,79.98,78.34,86.15,86.47,86.43,86.56,89.45,66.65,67.63,76.09,84.91,67.14,79.50,64.91,69.64,84.32,65.70,89.98,61.04,83.72,81.61,63.33,59.29,84.62,59.96,69.91,65.81,57.04,72.44,80.03,63.34,71.50,71.96,57.53
Surah 33,85.22,84.40,95.28,96.54,95.60,91.84,94.72,95.59,94.25,96.37,97.20,93.27,96.30,95.40,88.17,97.49,94.51,92.79,93.94,94.32,95.21,89.78,77.10,94.01,91.18,84.53,94.48,85.72,95.50,93.73,92.62,94.82,100.00,94.31,95.44,85.08,91.32,95.64,96.16,95.60,94.34,96.60,93.88,95.99,95.30,94.96,92.65,88.67,95.78,86.87,84.07,91.14,94.45,91.25,90.61,75.83,95.38,97.49,95.47,94.44,96.22,90.39,94.88,93.16,94.42,96.76,90.30,96.53,93.32,93.15,87.68,95.54,91.49,92.69,84.62,81.22,68.75,78.93,91.03,90.87,77.80,74.13,84.69,86.39,85.35,87.50,91.67,65.21,66.98,73.25,86.09,67.55,78.77,64.65,65.82,85.56,62.45,90.22,60.99,85.18,82.89,60.06,58.06,84.82,59.46,67.95,65.11,52.43,72.86,79.98,64.50,72.51,71.46,55.84
Surah 34,83.64,82.91,93.49,91.02,91.45,91.61,90.03,90.03,90.48,94.20,93.51,90.04,93.32,92.66,84.57,94.42,92.70,91.94,91.51,93.28,92.92,87.35,73.28,90.03,92.64,82.36,92.43,84.64,91.58,92.47,90.65,91.52,94.31,100.00,94.69,83.30,92.32,93.16,91.16,91.87,89.83,94.32,89.85,93.68,93.50,92.13,89.00,84.99,90.75,86.42,82.54,89.14,94.69,89.54,91.62,75.79,96.00,92.25,93.51,89.18,93.11,91.64,88.98,92.67,88.88,92.54,91.90,93.49,89.44,92.23,83.74,91.79,89.11,92.21,85.19,82.92,67.94,77.32,88.27,89.46,77.58,71.63,83.31,84.68,83.88,88.92,89.78,66.89,66.22,70.17,85.21,66.82,78.75,62.31,65.18,83.93,68.79,85.97,64.01,85.44,83.24,60.87,59.21,83.78,56.61,67.65,66.88,50.34,68.08,77.59,66.19,75.56,71.51,56.35
Surah 35,86.19,85.38,96.09,93.96,94.02,94.54,91.72,93.48,94.42,94.97,95.41,89.51,95.10,95.01,85.85,95.91,92.20,92.04,92.85,93.47,94.01,89.31,75.90,92.38,92.24,83.13,93.89,82.68,92.88,94.15,94.64,94.02,95.44,94.69,100.00,85.14,91.52,94.17,95.02,94.58,91.36,97.23,90.25,94.82,95.57,94.80,91.49,91.34,93.32,85.55,83.36,90.31,92.84,88.80,89.39,74.54,95.96,94.19,95.46,92.09,94.93,91.40,92.51,94.13,92.42,93.87,91.59,94.90,89.87,91.55,87.33,90.87,89.58,91.69,84.46,82.28,67.37,77.21,87.71,89.22,77.13,74.00,83.30,86.67,85.85,86.94,90.63,68.93,67.19,72.07,84.87,67.94,79.26,63.72,65.55,83.46,64.52,88.35,61.71,84.94,80.97,59.53,58.07,84.64,58.34,69.13,66.33,53.17,69.17,82.21,64.80,73.90,70.76,54.14
Surah 36,81.95,86.43,86.61,83.74,85.53,82.89,89.20,85.79,84.58,88.78,85.61,85.37,88.49,87.03,86.90,85.78,83.04,86.48,82.60,86.25,87.83,80.90,82.69,87.34,82.28,90.75,89.58,83.30,90.67,86.84,91.34,87.42,85.08,83.30,85.14,100.00,88.41,89.63,86.15,84.74,85.34,85.92,87.68,88.88,85.33,84.34,87.77,84.22,86.50,86.59,87.80,86.54,86.80,86.88,83.52,79.93,82.38,85.48,87.46,87.33,84.98,83.02,87.31,81.31,87.92,84.29,80.68,85.23,83.16,83.45,81.95,86.57,84.77,86.07,79.59,82.84,77.85,79.79,85.31,83.09,77.70,81.79,88.71,81.03,83.89,81.58,80.16,69.00,57.87,80.60,78.99,58.26,75.65,65.66,79.22,75.53,60.74,84.36,59.27,76.74,78.54,65.35,68.62,81.17,64.30,70.14,74.43,59.56,69.68,76.31,60.44,67.11,70.32,60.82
Surah 37,87.52,87.74,94.33,89.85,89.59,92.33,92.14,89.40,91.65,93.41,91.10,88.29,94.58,92.87,86.68,92.48,90.25,89.82,91.30,93.44,92.98,88.15,81.92,91.80,91.80,88.96,91.92,89.04,91.77,92.15,91.45,93.02,91.32,92.32,91.52,88.41,100.00,93.25,91.38,90.46,87.74,92.06,89.08,94.27,93.78,91.39,91.31,88.19,90.23,87.29,89.61,93.15,94.61,89.57,90.70,82.72,93.65,91.05,94.38,89.20,90.92,90.87,90.13,92.49,90.89,90.80,92.86,91.09,88.32,90.17,86.42,92.16,91.81,94.20,90.78,88.04,78.35,84.10,90.24,88.63,86.60,83.48,88.53,88.75,88.52,90.30,89.39,74.10,67.87,78.97,87.78,65.07,84.07,73.07,74.29,85.42,73.50,88.40,68.96,86.05,85.13,69.57,68.44,85.56,66.43,74.81,73.29,59.90,76.05,81.77,67.37,75.90,77.94,65.58
Surah 38,85.27,85.25,95.00,94.86,94.96,91.28,95.48,93.22,93.32,96.83,96.00,93.24,96.49,95.68,91.28,96.00,94.66,93.41,92.37,94.02,96.11,90.50,78.92,95.80,91.09,89.46,94.86,88.02,95.27,95.02,93.69,94.73,95.64,93.16,94.17,89.63,93.25,100.00,94.53,95.61,93.87,95.03,93.55,96.41,94.04,94.64,94.49,88.30,94.14,92.14,88.03,92.28,95.33,95.15,91.78,79.61,93.22,95.09,96.03,93.33,94.79,88.67,94.57,90.93,94.65,94.69,90.94,95.43,94.27,93.60,87.40,95.26,91.76,93.84,86.00,86.10,73.51,81.56,93.27,91.29,79.67,77.25,88.57,86.87,88.17,88.44,89.57,70.18,69.02,76.82,87.26,67.87,79.30,67.24,70.99,82.04,64.51,91.50,61.03,86.61,83.66,60.91,62.86,85.54,63.49,72.05,68.14,55.11,71.84,80.53,64.71,72.27,71.68,57.84
Surah 39,85.63,87.63,95.65,93.98,93.69,92.02,93.50,95.55,94.79,95.90,96.13,89.41,95.98,94.85,86.79,95.92,92.10,92.13,92.49,93.81,94.09,87.97,81.60,93.48,91.11,84.94,93.82,84.85,95.30,93.03,93.51,96.46,96.16,91.16,95.02,86.15,91.38,94.53,100.00,95.62,93.03,96.01,91.41,94.66,96.10,95.86,92.66,90.24,95.34,83.64,83.69,91.16,92.65,88.00,88.53,75.20,93.90,95.44,95.37,94.12,95.03,90.21,94.35,93.58,94.39,94.16,89.09,95.16,89.35,90.53,87.69,93.15,89.18,90.82,85.99,80.95,70.21,77.77,87.56,88.72,77.65,76.04,84.75,86.42,86.36,85.27,90.04,63.83,66.62,74.87,83.07,66.65,79.02,64.55,67.20,85.77,61.71,91.05,58.67,82.84,79.57,60.51,59.03,82.96,58.02,67.86,65.77,54.37,75.87,82.26,62.26,73.06,71.22,57.74
Surah 40,83.43,81.38,95.66,94.38,96.06,90.78,92.59,93.16,93.40,95.09,97.03,91.86,95.64,96.88,89.17,96.41,95.03,92.43,91.64,94.94,95.27,90.43,73.20,95.61,89.75,83.74,94.43,85.64,94.11,93.74,91.71,96.06,95.60,91.87,94.58,84.74,90.46,95.61,95.62,100.00,95.75,95.04,92.77,94.49,96.20,96.34,93.69,86.50,93.78,86.14,83.09,91.73,94.13,92.32,89.12,73.95,93.83,94.74,94.81,92.93,95.79,87.07,94.45,91.30,95.28,93.26,87.51,96.48,94.70,93.88,88.28,94.15,90.14,92.12,84.30,80.45,69.86,74.27,91.99,91.14,75.91,73.42,86.59,83.71,87.46,87.44,89.24,65.28,65.30,72.07,86.01,67.68,75.45,61.13,66.57,81.13,61.85,90.39,56.17,84.22,82.28,56.03,56.85,86.23,57.25,67.43,64.61,50.93,66.10,78.74,62.28,72.19,69.66,53.95
Surah 41,80.23,80.23,90.94,93.18,94.75,85.73,92.36,92.24,89.99,92.51,94.89,93.63,92.78,93.47,90.88,94.68,93.16,88.89,89.17,93.13,94.71,87.60,70.86,92.69,86.13,81.95,94.06,82.91,92.26,91.54,90.32,93.88,94.34,89.83,91.36,85.34,87.74,93.87,93.03,95.75,100.00,93.50,95.07,94.05,94.13,94.74,90.35,85.65,93.17,85.95,80.67,88.07,91.52,91.24,87.29,71.03,90.48,92.90,90.83,92.10,92.99,83.18,92.43,87.54,92.03,92.23,83.98,94.79,93.24,91.25,85.01,93.71,89.37,89.74,80.31,76.20,65.73,75.31,91.08,90.02,71.97,69.51,84.11,80.23,82.61,84.51,85.69,61.39,62.23,71.08,82.21,65.54,70.87,55.72,63.90,78.83,56.83,88.47,51.22,80.40,81.56,52.12,53.69,82.93,50.92,65.39,61.56,47.87,65.37,73.37,58.33,67.25,63.84,49.57
Surah 42,86.41,87.70,96.76,94.59,95.35,93.82,93.45,96.00,95.01,95.21,97.02,90.38,96.87,95.71,86.81,96.94,92.29,91.26,92.96,94.10,95.31,90.38,78.46,93.91,91.09,82.85,94.67,83.41,94.36,94.82,95.04,95.24,96.60,94.32,97.23,85.92,92.06,95.03,96.01,95.04,93.50,100.00,91.64,95.76,96.50,95.66,92.90,90.94,96.08,84.28,83.89,92.01,93.28,89.42,89.24,73.41,96.24,95.30,95.26,94.71,95.84,91.41,93.90,95.24,93.58,94.80,90.82,96.18,90.58,91.54,87.81,92.30,90.89,92.10,85.92,80.09,67.74,77.25,88.54,89.74,77.59,75.39,84.52,86.84,86.04,85.23,91.62,65.76,67.53,71.35,84.45,68.50,79.02,63.35,65.17,84.46,64.38,88.85,59.99,83.55,81.22,60.13,58.22,83.96,56.80,68.42,65.04,53.41,72.46,81.55,61.54,71.68,69.69,53.45
Surah 43,80.88,80.60,89.74,92.55,92.20,86.80,92.78,90.26,89.69,92.63,92.64,95.34,92.74,92.21,92.55,93.49,92.89,87.69,90.05,93.04,92.54,86.47,72.08,91.29,86.99,86.92,93.22,87.28,91.64,91.09,89.53,92.64,93.88,89.85,90.25,87.68,89.08,93.55,91.41,92.77,95.07,91.64,100.00,93.72,91.86,92.03,88.89,85.66,90.14,90.56,84.54,88.45,91.64,91.01,90.85,77.71,90.27,92.55,90.75,89.94,91.01,84.74,90.73,87.48,91.30,92.11,86.14,92.79,92.64,90.30,87.82,93.76,90.47,90.42,81.39,82.06,70.01,83.58,91.60,89.62,75.98,74.65,84.10,81.98,81.76,86.74,85.46,65.55,63.10,77.61,83.93,63.36,74.04,62.96,70.77,80.83,59.04,87.83,57.25,81.45,81.69,59.24,55.03,82.31,58.34,68.35,66.18,53.46,67.89,74.65,63.20,68.79,68.80,55.80
Surah 44,85.60,85.38,94.76,94.08,94.39,91.57,95.38,93.23,93.63,95.83,95.98,93.06,96.11,95.68,89.84,96.37,93.76,91.20,93.34,94.62,95.87,90.25,77.40,93.72,90.01,87.57,94.11,85.63,94.27,93.66,93.92,95.28,95.99,93.68,94.82,88.88,94.27,96.41,94.66,94.49,94.05,95.76,93.72,100.00,95.66,94.45,91.57,90.79,94.64,88.84,87.88,92.61,95.30,92.59,90.84,78.41,94.64,95.00,95.20,93.45,94.09,89.60,93.83,92.43,93.63,94.56,91.65,95.49,92.18,91.73,88.28,95.09,93.63,93.86,86.93,84.55,73.33,82.21,91.57,89.97,81.25,77.46,86.81,87.05,86.62,87.26,90.02,69.29,67.70,76.01,85.90,67.65,79.55,67.24,69.25,83.35,67.92,89.48,62.19,85.34,83.65,62.48,60.35,84.40,61.60,71.03,67.31,57.15,73.08,80.07,64.01,71.30,72.65,59.36
Surah 45,86.82,87.33,96.06,93.31,94.24,93.53,93.43,94.06,94.69,94.78,95.36,91.14,96.79,96.17,88.52,96.29,92.93,90.58,92.80,95.86,95.10,90.23,77.62,94.17,91.14,84.66,95.36,85.83,93.66,93.94,93.41,97.11,95.30,93.50,95.57,85.33,93.78,94.04,96.10,96.20,94.13,96.50,91.86,95.66,100.00,97.01,91.80,89.67,94.50,84.57,85.59,93.05,94.61,89.95,90.44,76.47,96.19,94.81,95.73,92.80,95.47,90.45,93.25,95.13,93.64,93.78,91.07,95.05,91.26,91.83,87.39,93.26,92.40,93.18,87.80,82.46,71.93,78.61,90.27,90.65,80.85,77.73,85.85,87.51,87.36,87.64,91.15,69.16,67.74,72.85,86.64,68.08,80.11,64.78,67.67,84.90,68.90,90.50,62.54,85.74,83.51,62.67,58.97,85.70,58.66,71.05,66.77,55.29,72.75,81.42,64.51,74.30,72.65,56.93
Surah 46,83.29,84.83,94.70,93.57,94.53,92.55,92.43,92.95,93.43,93.74,95.17,90.86,95.32,94.71,87.67,96.15,91.83,89.19,90.21,94.92,95.26,90.18,73.66,93.28,89.68,82.76,94.00,84.23,93.38,93.08,91.82,96.61,94.96,92.13,94.80,84.34,91.39,94.64,95.86,96.34,94.74,95.66,92.03,94.45,97.01,100.00,90.75,87.54,92.99,85.83,82.06,90.66,92.92,90.12,89.35,72.27,95.19,93.57,94.50,91.84,94.71,87.40,93.10,93.85,92.54,92.38,88.68,95.37,91.32,91.54,85.40,92.63,89.24,91.29,84.62,79.98,67.31,76.42,89.07,90.41,76.95,74.63,84.21,83.77,85.67,87.04,89.88,65.37,65.62,72.99,84.93,66.83,76.29,61.01,66.31,83.27,61.93,89.90,58.50,82.04,81.39,59.45,55.48,84.19,54.58,67.26,62.00,50.91,69.34,77.07,60.68,71.39,69.17,52.64
Surah 47,85.06,85.29,94.60,91.32,91.96,90.84,92.04,93.07,91.34,93.93,93.78,87.53,93.94,93.85,88.27,92.46,91.92,94.40,90.61,91.20,91.89,86.63,82.46,95.77,90.68,86.01,92.39,86.59,93.82,92.34,91.30,92.26,92.65,89.00,91.49,87.77,91.31,94.49,92.66,93.69,90.35,92.90,88.89,91.57,91.80,90.75,100.00,88.06,92.28,85.43,86.01,90.95,91.77,90.50,87.51,77.46,90.47,92.22,94.50,93.11,92.97,88.08,93.24,89.93,94.69,91.26,87.22,92.10,90.52,91.22,86.38,91.23,87.94,90.52,84.76,82.85,73.91,76.71,90.54,88.09,78.87,77.50,88.10,85.42,90.83,85.38,87.62,66.08,64.73,74.38,85.40,65.02,78.50,66.76,70.37,81.41,63.79,90.67,58.33,84.08,80.99,58.70,68.30,84.96,63.06,71.06,68.28,52.65,69.41,83.13,62.92,70.94,69.55,56.55
Surah 48,84.20,85.87,90.97,87.05,86.54,90.77,89.29,90.47,90.51,88.89,88.78,83.17,89.55,89.17,82.13,88.30,84.79,86.33,88.58,87.24,87.48,83.88,79.87,87.06,85.41,82.22,87.76,78.98,89.06,88.66,90.78,88.80,88.67,84.99,91.34,84.22,88.19,88.30,90.24,86.50,85.65,90.94,85.66,90.79,89.67,87.54,88.06,100.00,89.05,81.57,82.80,86.83,86.22,81.66,82.75,73.60,87.94,88.50,90.78,89.37,87.49,86.57,88.27,88.73,87.90,88.45,86.25,87.50,81.84,81.94,86.11,85.97,86.36,86.45,82.42,80.69,69.90,79.85,81.29,81.54,76.19,76.84,80.66,85.03,82.38,79.73,85.22,66.04,64.51,74.85,79.31,62.32,78.65,68.98,68.08,82.95,64.50,85.36,61.43,79.39,74.25,65.00,61.94,77.29,60.06,68.01,65.97,58.52,73.05,85.61,60.24,67.22,68.15,57.06
Surah 49,85.76,85.84,94.13,93.86,94.90,89.71,94.13,95.41,93.52,94.33,95.85,89.45,95.71,93.93,86.80,95.68,90.86,91.04,91.24,93.08,94.15,88.96,79.41,93.35,88.14,83.54,92.96,82.48,94.82,93.17,92.80,93.59,95.78,90.75,93.32,86.50,90.23,94.14,95.34,93.78,93.17,96.08,90.14,94.64,94.50,92.99,92.28,89.05,100.00,82.78,84.25,91.03,91.87,88.84,86.75,73.53,92.13,94.71,94.07,96.39,95.56,88.31,93.99,91.67,94.64,93.78,86.87,94.54,89.75,89.23,86.23,93.17,91.12,90.89,85.26,79.54,69.36,76.49,88.27,88.10,76.85,75.23,85.23,85.15,85.19,83.64,89.54,64.42,65.89,72.27,82.35,66.61,76.85,63.06,66.98,82.72,61.87,88.96,58.50,81.94,81.26,59.57,60.87,82.20,57.00,68.47,65.42,53.80,74.60,79.63,58.45,70.90,69.03,54.96
Surah 50,77.71,76.68,85.05,85.87,85.34,84.75,89.54,82.73,84.46,89.85,85.36,90.41,87.32,86.86,89.16,87.11,88.07,85.31,85.16,86.78,88.25,83.54,71.21,86.23,83.85,90.82,87.44,86.36,88.19,88.38,84.81,86.06,86.87,86.42,85.55,86.59,87.29,92.14,83.64,86.14,85.95,84.28,90.56,88.84,84.57,85.83,85.43,81.57,82.78,100.00,83.84,84.47,89.14,91.50,89.03,80.27,84.90,86.98,88.91,83.06,85.26,82.21,86.57,81.45,86.27,86.43,83.63,85.95,89.00,86.10,81.72,89.44,85.57,86.87,78.67,85.03,73.29,83.76,89.39,83.95,75.97,73.43,83.71,80.51,81.80,86.29,81.11,70.87,62.54,77.94,83.99,58.65,72.46,66.15,72.84,76.17,62.72,85.56,63.52,82.90,79.22,62.83,59.32,79.10,65.44,72.65,68.72,52.50,62.86,73.96,65.17,67.59,68.97,59.94
Surah 51,81.52,81.65,85.94,83.31,82.55,84.00,87.82,82.27,84.43,86.39,84.07,83.58,88.17,85.80,85.34,84.29,82.72,83.30,84.51,86.16,85.16,81.85,81.33,88.04,81.77,89.93,84.86,84.29,84.43,83.68,86.45,85.73,84.07,82.54,83.36,87.80,89.61,88.03,83.69,83.09,80.67,83.89,84.54,87.88,85.59,82.06,86.01,82.80,84.25,83.84,100.00,89.26,87.93,85.88,83.98,88.74,83.31,86.37,86.79,84.60,83.23,81.31,84.73,82.56,87.32,85.25,86.41,82.41,82.33,82.79,80.94,86.12,86.87,90.34,84.54,85.87,84.44,82.27,87.56,83.97,86.40,86.21,87.33,85.87,83.71,81.41,81.06,78.46,62.77,80.04,82.13,57.93,79.85,75.61,75.70,76.28,69.64,81.11,69.87,81.35,79.97,70.53,71.49,79.20,73.94,70.67,72.55,69.76,74.10,76.06,67.63,69.39,76.27,67.51
Surah 52,85.26,87.14,94.14,89.10,89.45,91.17,91.85,91.04,91.85,92.87,91.23,87.69,94.51,93.06,86.23,92.11,89.20,89.62,90.32,92.42,92.35,86.92,80.92,92.61,87.62,87.74,92.09,85.66,91.47,89.75,91.45,91.84,91.14,89.14,90.31,86.54,93.15,92.28,91.16,91.73,88.07,92.01,88.45,92.61,93.05,90.66,90.95,86.83,91.03,84.47,89.26,100.00,92.93,88.95,88.55,82.70,91.00,91.18,92.83,91.18,91.78,88.24,93.34,91.41,91.64,91.21,89.69,92.25,89.24,90.56,87.28,91.71,90.82,93.79,89.04,84.31,82.45,78.22,90.75,89.48,84.73,85.37,91.59,89.31,90.15,86.51,89.74,73.93,66.01,75.95,88.82,65.13,82.94,71.77,70.78,86.27,69.23,88.60,66.75,83.83,84.13,68.05,66.48,85.04,66.16,72.47,75.13,59.92,75.45,81.19,64.91,74.70,76.38,61.53
Surah 53,84.11,83.67,94.64,91.80,92.23,91.00,93.43,90.56,91.17,94.93,94.28,91.94,95.31,94.91,89.15,94.58,93.81,92.70,92.79,95.20,95.13,90.25,76.01,93.37,91.22,88.02,92.87,88.17,93.09,92.91,90.85,93.84,94.45,94.69,92.84,86.80,94.61,95.33,92.65,94.13,91.52,93.28,91.64,95.30,94.61,92.92,91.77,86.22,91.87,89.14,87.93,92.93,100.00,92.74,91.38,81.93,94.50,94.23,94.94,90.93,93.58,89.42,92.71,91.86,93.20,93.39,92.67,94.46,92.80,92.91,86.21,95.06,92.27,95.39,87.44,85.70,74.85,79.50,93.43,91.88,83.11,78.53,88.72,87.55,87.59,90.56,90.65,72.51,68.24,74.01,88.66,68.02,81.47,68.66,68.63,84.16,69.83,87.89,66.72,87.75,86.27,64.54,62.21,85.95,64.30,70.44,68.81,56.76,71.89,79.84,67.16,75.24,75.62,61.18
Surah 54,80.10,79.35,89.80,90.75,92.07,85.48,91.40,87.89,88.04,92.21,91.83,91.23,92.29,91.45,89.88,92.32,91.43,88.90,85.96,90.36,93.57,88.31,72.26,92.20,85.34,89.13,91.13,84.94,91.15,92.30,88.67,90.47,91.25,89.54,88.80,86.88,89.57,95.15,88.00,92.32,91.24,89.42,91.01,92.59,89.95,90.12,90.50,81.66,88.84,91.50,85.88,88.95,92.74,100.00,89.28,79.08,88.80,90.48,91.43,89.10,89.68,82.54,90.75,84.35,91.73,89.00,85.13,91.90,94.61,90.64,81.56,92.34,90.09,91.15,81.69,82.08,73.95,78.49,93.46,88.52,77.31,74.51,88.16,81.51,85.20,87.96,84.34,71.75,64.14,73.60,86.00,64.45,73.16,61.48,71.17,75.66,64.47,88.62,59.03,83.41,84.91,60.11,61.63,85.55,62.27,70.43,66.46,53.06,63.73,73.71,64.09,67.57,69.97,54.81
Surah 55,83.13,82.32,89.34,89.27,88.07,88.82,89.59,87.40,88.44,91.81,88.47,90.69,91.49,89.70,86.60,91.91,91.84,87.73,89.79,91.22,89.76,83.45,75.12,88.69,90.22,87.16,91.66,89.94,89.64,90.70,87.59,90.23,90.61,91.62,89.39,83.52,90.70,91.78,88.53,89.12,87.29,89.24,90.85,90.84,90.44,89.35,87.51,82.75,86.75,89.03,83.98,88.55,91.38,89.28,100.00,80.88,90.40,90.01,91.40,87.04,89.98,89.17,87.16,88.87,88.06,90.43,89.50,90.14,89.75,89.74,84.81,89.90,88.55,89.83,85.48,85.14,72.69,84.76,88.66,87.63,79.97,74.36,83.99,84.81,83.55,88.68,86.70,68.71,67.27,74.88,88.00,64.50,80.20,66.46,69.94,84.15,68.35,87.42,64.15,86.52,82.65,64.50,59.45,83.16,61.03,73.82,69.43,54.03,70.01,76.62,69.50,72.48,73.27,60.37
Surah 56,72.51,76.60,77.82,75.63,73.31,75.74,80.68,73.73,76.93,79.95,74.27,78.08,79.47,76.48,79.42,75.25,76.86,77.15,78.42,78.51,75.82,73.58,78.65,77.77,76.17,90.14,77.31,80.65,76.39,75.54,76.95,77.25,75.83,75.79,74.54,79.93,82.72,79.61,75.20,73.95,71.03,73.41,77.71,78.41,76.47,72.27,77.46,73.60,73.53,80.27,88.74,82.70,81.93,79.08,80.88,100.00,74.78,79.20,79.66,75.92,74.12,75.41,77.51,73.50,78.45,79.17,78.31,73.47,75.63,76.00,75.27,78.62,79.45,82.36,78.80,80.84,84.82,81.56,82.41,76.36,81.76,80.98,81.34,83.51,75.88,77.90,71.96,71.65,55.73,77.37,78.07,50.28,76.38,72.95,69.65,72.96,67.95,74.70,72.62,77.06,74.48,68.35,64.81,71.85,68.22,67.20,70.90,65.42,67.90,71.05,68.24,66.83,70.75,62.73
