,Surah 1,Surah 2,Surah 3,Surah 4,Surah 5,Surah 6,Surah 7,Surah 8,Surah 9,Surah 10,Surah 11,Surah 12,Surah 13,Surah 14,Surah 15,Surah 16,Surah 17,Surah 18,Surah 19,Surah 20,Surah 21,Surah 22,Surah 23,Surah 24,Surah 25,Surah 26,Surah 27,Surah 28,Surah 29,Surah 30,Surah 31,Surah 32,Surah 33,Surah 34,Surah 35,Surah 36,Surah 37,Surah 38,Surah 39,Surah 40,Surah 41,Surah 42,Surah 43,Surah 44,Surah 45,Surah 46,Surah 47,Surah 48,Surah 49,Surah 50,Surah 51,Surah 52,Surah 53,Surah 54,Surah 55,Surah 56,Surah 57,Surah 58,Surah 59,Surah 60,Surah 61,Surah 62,Surah 63,Surah 64,Surah 65,Surah 66,Surah 67,Surah 68,Surah 69,Surah 70,Surah 71,Surah 72,Surah 73,Surah 74,Surah 75,Surah 76,Surah 77,Surah 78,Surah 79,Surah 80,Surah 81,Surah 82,Surah 83,Surah 84,Surah 85,Surah 86,Surah 87,Surah 88,Surah 89,Surah 90,Surah 91,Surah 92,Surah 93,Surah 94,Surah 95,Surah 96,Surah 97,Surah 98,Surah 99,Surah 100,Surah 101,Surah 102,Surah 103,Surah 104,Surah 105,Surah 106,Surah 107,Surah 108,Surah 109,Surah 110,Surah 111,Surah 112,Surah 113,Surah 114
Surah 1,1.0,0.0003907013088493846,0.0003297065611605671,0.0,0.0012,0.001418942887548776,0.0012911555842479018,0.0,0.0,0.002306805074971165,0.0005555555555555556,0.0,0.0,0.001177856301531213,0.0015060240963855422,0.0011560693641618498,0.0006531678641410843,0.0006321112515802782,0.0,0.0,0.0008431703204047217,0.0,0.0009652509652509653,0.0,0.0,0.0018099547511312218,0.006211180124223602,0.0014194464158978,0.001026694045174538,0.0,0.0017953321364452424,0.0024509803921568627,0.0,0.0011273957158962795,0.00125,0.0,0.004884004884004884,0.0013245033112582781,0.0026223776223776225,0.002564102564102564,0.002430133657351154,0.0,0.0011641443538998836,0.0,0.001953125,0.0014858841010401188,0.0,0.0,0.0,0.0,0.002570694087403599,0.0,0.0,0.0,0.0,0.005249343832020997,0.0,0.0,0.006507592190889371,0.0,0.0,0.0,0.0,0.0,0.0,0.0,0.0,0.0,0.0035460992907801418,0.0,0.0,0.0,0.0,0.0,0.0,0.0,0.0,0.0,0.0,0.0,0.015748031496062992,0.00980392156862745,0.0,0.0,0.0,0.0,0.0,0.0,0.0,0.0,0.0,0.0,0.0,0.0,0.0,0.0,0.0,0.0,0.0,0.0,0.0,0.0,0.0,0.0,0.0,0.0,0.0,0.0,0.0,0.0,0.0,0.0,0.0,0.0
Surah 2,0.0003907013088493846,1.0,0.07141912445443724,0.05374010722491703,0.06215799073944156,0.04337476857974081,0.0477106579453636,0.03400796284007963,0.04265943786560137,0.039566147265505655,0.0304576144036009,0.020546910409427407,0.028013141967836764,0.02886454529647018,0.008267370272647317,0.042471634467954614,0.016638422431058387,0.018688725490196078,0.013445378151260505,0.017246835443037976,0.0164147570290915,0.03468208092485549,0.01801200800533689,0.033098476159265935,0.011657374556512924,0.01395959927738545,0.019063270336894002,0.027112731885206912,0.031762295081967214,0.023959426372857643,0.021241830065359478,0.010332103321033211,0.021484375,0.02021586431385986,0.021232161503654718,0.0130844382414515,0.00804381310970392,0.010411244143675169,0.031198141387321607,0.027498765025522807,0.01867219917012448,0.026580958999305074,0.012297181895815542,0.007776337715237919,0.02029621503017005,0.013952666902154716,0.01282051282051282,0.01184281356540463,0.014582164890633763,0.004035956705191708,0.006455182589450387,0.005018587360594796,0.005535055350553505,0.0012987012987012987,0.001125914805779696,0.0025754231052244297,0.025534226729445855,0.021747143383708072,0.018225331369661268,0.01153059326762135,0.011439466158245948,0.011324376199616123,0.008595988538681949,0.01385988228593127,0.013363448146056842,0.007727101394647569,0.006493506493506494,0.0039069767441860465,0.001497566454511419,0.0018882175226586104,0.0039652567975830815,0.0028021670091537454,0.0070315469403268716,0.004318437852046564,0.00019043991620643687,0.0020641771439294425,0.0013348588863463006,0.0013307984790874524,0.0011396011396011395,0.00038284839203675346,0.0003850596842510589,0.0005806077027288562,0.0019069412662090007,0.0013492675404780262,0.004634099246958873,0.0007766990291262136,0.0015509887553315238,0.00019297568506368199,0.0009573042312847023,0.0009674922600619195,0.000194325689856199,0.0005813953488372093,0.00019485580670303975,0.0,0.0007807925043919579,0.0005812826971517147,0.0003907013088493846,0.005041690905565251,0.0,0.00019485580670303975,0.0,0.0,0.0007838526357044876,0.0,0.00019550342130987292,0.0,0.00019546520719311962,0.0,0.00019554165037152912,0.0003913128546272745,0.0,0.00019580967299784609,0.00019557989438685703,0.00019565642731363725
Surah 3,0.0003297065611605671,0.07141912445443724,1.0,0.047910295616717634,0.06445350417394681,0.03996415770609319,0.03435374149659864,0.04988604710053178,0.0500804505229284,0.0421912966644577,0.032390412437918376,0.022339027595269383,0.027430093209054592,0.027911969940955447,0.008298755186721992,0.044326241134751775,0.0153015301530153,0.02012072434607646,0.02018111254851229,0.01353874883286648,0.017333984375,0.03492692593510032,0.017477203647416412,0.04096742349457058,0.011407829919626652,0.01464746772591857,0.024657534246575342,0.028337236533957845,0.0347985347985348,0.02698282910874898,0.024319629415170817,0.013153961136023917,0.025458996328029376,0.022198731501057084,0.027166530834012496,0.01004615802335053,0.010629816635663035,0.01383989145183175,0.037977867203219315,0.034371108343711085,0.01765177855041455,0.03213610586011342,0.01506740681998414,0.008716561466786895,0.028260229614365615,0.023529411764705882,0.019687319050376375,0.0189328743545611,0.017672151127361365,0.002962085308056872,0.004171632896305125,0.004234724742891712,0.0068862275449101795,0.0015128593040847202,0.0012330456226880395,0.0029824038174768863,0.036221385105766446,0.031324582338902146,0.023781212841854936,0.013914095583787053,0.01706700379266751,0.018892090938200448,0.012044374009508717,0.02070913084405397,0.012592137592137592,0.011793916821849782,0.00937405503477472,0.004858791375645309,0.00122737035900583,0.0021793275217932753,0.0037290242386575512,0.004592774035517453,0.006581009088060169,0.005238828967642527,0.0006323110970597534,0.0027743526510480886,0.0006325110689437065,0.0012594458438287153,0.0015728216420257944,0.00031867431485022306,0.0012882447665056361,0.000974025974025974,0.002849905003166561,0.002904162633107454,0.007436146136437116,0.0006525285481239804,0.0019524894240156199,0.00032310177705977385,0.001275103602167676,0.0009730781706130393,0.0,0.0,0.0003284072249589491,0.0,0.0013175230566534915,0.00032509752925877764,0.0,0.0071567989590110605,0.0,0.000657030223390276,0.0,0.0,0.001326259946949602,0.0,0.00033025099075297226,0.0,0.0,0.0,0.0,0.00033057851239669424,0.0,0.00033112582781456954,0.0,0.0
Surah 4,0.0,0.05374010722491703,0.047910295616717634,1.0,0.05030743432084964,0.03294607248135946,0.026840111971019265,0.029693486590038315,0.039048907790450414,0.029585798816568046,0.024283935242839352,0.017728999577880964,0.022947475777664456,0.021800461656835086,0.007692307692307693,0.032463399108847865,0.025945470536499562,0.020995670995670995,0.01410891089108911,0.009883198562443846,0.013130128956623681,0.028245905530500832,0.014841849148418492,0.03577351338545368,0.01552717255196594,0.009761904761904762,0.014258555133079848,0.020889487870619946,0.02264808362369338,0.022952529994783515,0.018482758620689654,0.0062482249360976995,0.04399038461538462,0.015913109371053297,0.02714695901853302,0.0070184559396932675,0.006102212051868803,0.00934094447327452,0.02514367816091954,0.024988100904331272,0.014347937483986677,0.02739018087855297,0.010116337885685382,0.004866876610363584,0.016727069974909393,0.014925373134328358,0.01997780244173141,0.025740381954054804,0.017472335468841003,0.0028328611898017,0.005420827389443652,0.005208333333333333,0.006870884626395649,0.0005777007510109763,0.0014718869590815426,0.001138627953316254,0.02416254805052169,0.024978711325574793,0.01782178217821782,0.013294797687861272,0.01079136690647482,0.008159564823209429,0.010262601871415635,0.015499254843517139,0.015298617240364814,0.008567208271787297,0.004892086330935252,0.003186558516801854,0.0008787346221441124,0.00267538644470868,0.0035587188612099642,0.0052677787532923615,0.0074827895839568994,0.004705882352941176,0.0009047044632086852,0.00412614205717654,0.0012070006035003018,0.0015019525382997897,0.0005995203836930455,0.00030376670716889426,0.00030656039239730225,0.00030902348578491963,0.0009041591320072332,0.003383574284835435,0.004917025199754148,0.0006213109661385523,0.00248062015503876,0.0003077870113881194,0.00030358227079538557,0.0015455950540958269,0.0003112356053532524,0.0,0.0,0.0,0.0012539184952978057,0.0009293680297397769,0.00031377470975839345,0.009630319975147562,0.0006267627702914447,0.0006253908692933083,0.0,0.0,0.0012618296529968455,0.0,0.00031426775612822125,0.0,0.0,0.0,0.0,0.0006293266205160479,0.0,0.000315059861373661,0.0,0.0
Surah 5,0.0012,0.06215799073944156,0.06445350417394681,0.05030743432084964,1.0,0.0390224674812771,0.03140096618357488,0.03492699685084455,0.049686660698299016,0.03767038413878562,0.03381172464120652,0.01971900419028839,0.02432266009852217,0.026766262060379707,0.007766990291262136,0.041085657370517926,0.013750954927425516,0.01792476647311285,0.0148720999405116,0.014373170082512644,0.01564245810055866,0.03755334281650071,0.01543839207690067,0.043589017831870934,0.015060240963855422,0.013394129381590196,0.019055745164960183,0.027415491083311153,0.033816425120772944,0.020491803278688523,0.02383384405856316,0.008468595624558928,0.030422535211267605,0.021113831089351286,0.023299748110831235,0.010776545166402536,0.011124845488257108,0.014882837238758708,0.03333333333333333,0.02461103253182461,0.018351477449455676,0.03263256981487292,0.013786764705882353,0.009289031797070382,0.01997245179063361,0.0259526938239159,0.015274949083503055,0.027201632097925876,0.022942461762563728,0.003162333099086437,0.005667729365922777,0.00576992426974396,0.008187967248131008,0.0014414414414414415,0.0007366482504604051,0.0028328611898017,0.03677221654749745,0.03611898016997167,0.028238616307800918,0.023213638012332245,0.022450532724505326,0.01454267125908917,0.014481707317073171,0.027557568893922236,0.017660044150110375,0.014121144555927164,0.008623787279913761,0.003975424647632815,0.0010993037742762918,0.0029850746268656717,0.00446594715295869,0.0062202707647274055,0.007137490608564989,0.008121077888519748,0.0007598784194528875,0.0029476787030213707,0.001902587519025875,0.003409090909090909,0.0007544322897019992,0.0003835826620636747,0.0011650485436893205,0.0011769321302471558,0.0030441400304414,0.002723735408560311,0.009765625,0.0003944773175542406,0.0011787819253438114,0.000390015600624025,0.0007668711656441718,0.0015680125441003528,0.00039556962025316455,0.0,0.0,0.0,0.0015968063872255488,0.0007861635220125787,0.0,0.00984251968503937,0.0,0.0003977724741447892,0.0,0.0,0.0016096579476861167,0.00039872408293460925,0.0,0.0,0.0,0.0,0.00040064102564102563,0.0,0.0,0.0,0.0,0.0
Surah 6,0.001418942887548776,0.04337476857974081,0.03996415770609319,0.03294607248135946,0.0390224674812771,1.0,0.05821917808219178,0.023673257023933404,0.03128859613009469,0.0730952380952381,0.046005951018539715,0.031712962962962964,0.031683168316831684,0.024052065647990947,0.014775413711583925,0.05731735964294104,0.028701267639320738,0.03176861071597914,0.014130434782608696,0.014987714987714987,0.024074553455863318,0.027454027454027453,0.030319436924742826,0.02454615187931475,0.01990049751243781,0.01598951507208388,0.03226659613858768,0.03928393833913476,0.03798170224563349,0.03461314717859221,0.018365472910927456,0.019570099454603786,0.018433179723502304,0.031012122920778123,0.031493787922565734,0.023330417031204434,0.014689265536723164,0.014096662830840045,0.06095908967759415,0.03736842105263158,0.025392296718972897,0.03556065385718383,0.023118127995489145,0.008982996470965673,0.028517706048260733,0.03548872180451128,0.013778322106552358,0.012117540139351712,0.009029345372460496,0.008576874205844982,0.008298755186721992,0.005823358136525397,0.0138308137664844,0.002263906856403622,0.0023102310231023103,0.003821656050955414,0.01938806422296274,0.01628052598622417,0.015389447236180905,0.008346709470304976,0.010416666666666666,0.010888057162300102,0.008454514710855596,0.013324450366422385,0.010147299509001636,0.00726792203501817,0.014271813168991242,0.006170834686586554,0.0009839291571006887,0.003670337003670337,0.004324683965402528,0.007548408270429931,0.006371562709590879,0.005271828665568369,0.0010166045408336157,0.004623513870541612,0.0013563919972872161,0.0030405405405405407,0.0013472549680026945,0.00034164673727365904,0.002421307506053269,0.0006968641114982578,0.003053953172718018,0.00138264777048047,0.00414794331144141,0.0003502626970227671,0.002797202797202797,0.000693721817551162,0.0003414134516899966,0.0010445682451253482,0.0,0.0,0.0,0.0,0.0007074637424831977,0.001047851903597625,0.0,0.0034782608695652175,0.0,0.00035285815102328866,0.0,0.0,0.00035612535612535614,0.0,0.0,0.0,0.0,0.0,0.0,0.0007109847138286527,0.0,0.000355998576005696,0.0,0.0
Surah 7,0.0012911555842479018,0.0477106579453636,0.03435374149659864,0.026840111971019265,0.03140096618357488,0.05821917808219178,1.0,0.017628592127505432,0.026790914385556204,0.06143269017520515,0.048886004758814626,0.03225806451612903,0.024530271398747392,0.027140974967061922,0.016146688560481664,0.04026115342763874,0.018004000889086463,0.026374113475177305,0.013646702047005308,0.025342943501511277,0.026417838099854582,0.020182604517059107,0.030524722502522705,0.0185361216730038,0.016910069177555727,0.041353383458646614,0.03720238095238095,0.03169828782970847,0.04007238883143743,0.025942765445306232,0.016633775021144628,0.015271659324522761,0.017204301075268817,0.02848183956101385,0.02122578933404086,0.020749124225276205,0.012555584619408842,0.019019555317439058,0.037082818294190356,0.035828220858895705,0.023520084566596194,0.023414890818205737,0.027609781751249014,0.011222681630242174,0.020343839541547278,0.03131061235799391,0.012979683972911963,0.012021246854906346,0.01007705986959099,0.003777971519907004,0.008802816901408451,0.008333333333333333,0.009711595055915245,0.0029691211401425177,0.0021154427319431852,0.004391100702576112,0.019585898153329603,0.014096662830840045,0.01473562554175094,0.006474396703943496,0.011076923076923076,0.009316770186335404,0.009285051067780872,0.00972940103374886,0.009903961584633853,0.005741915986702931,0.007990529742527374,0.0089632506722438,0.0024074631357207344,0.002134146341463415,0.006715506715506716,0.00510204081632653,0.003979185797367615,0.003919204100090443,0.0006190034045187249,0.0042334442092530995,0.0024813895781637717,0.001850709438618137,0.002466091245376079,0.00031191515907673113,0.0022082018927444794,0.00031746031746031746,0.002479082739386427,0.0018927444794952682,0.004099653106275623,0.0003190810465858328,0.0028680688336520078,0.0,0.0003117206982543641,0.0003171582619727244,0.00096,0.0003181673560292714,0.0,0.0,0.000643915003219575,0.0009548058561425843,0.0003224766204450177,0.005082592121982211,0.0,0.00032123353678124,0.0006441223832528181,0.0,0.0006480881399870382,0.0,0.0,0.0,0.0,0.0,0.0006464124111182935,0.00032331070158422246,0.00032299741602067185,0.0,0.0,0.0003234152652005175
Surah 8,0.0,0.03400796284007963,0.04988604710053178,0.029693486590038315,0.03492699685084455,0.023673257023933404,0.017628592127505432,1.0,0.04454828660436137,0.02702702702702703,0.025343189017951427,0.015596663039535727,0.02103642893791688,0.01975051975051975,0.011383039271485486,0.030061571894241218,0.013026819923371647,0.010877719429857465,0.011208576998050682,0.007328990228013029,0.010105448154657293,0.04524886877828054,0.015595463137996219,0.037069726390114736,0.010437375745526839,0.015560640732265447,0.019518837948252384,0.02063106796116505,0.030617283950617285,0.023706896551724137,0.025168815224063844,0.014,0.03155555555555556,0.02459016393442623,0.02628755364806867,0.008165487207403375,0.007287870900572618,0.009184224743381956,0.027752502274795268,0.02328705776981639,0.02054794520547945,0.026799789805570153,0.009211873080859774,0.011556764106050306,0.022655758338577723,0.022323983972524327,0.023514851485148515,0.021844660194174758,0.03881439661256175,0.003304692663582287,0.007377598926894702,0.008333333333333333,0.007412398921832884,0.0020847810979847115,0.0,0.004029550033579583,0.03640776699029126,0.031148604802076575,0.03479973736047275,0.02063273727647868,0.016566265060240965,0.020186335403726708,0.019230769230769232,0.028210838901262063,0.016358463726884778,0.013838310269482883,0.015193370165745856,0.0069881201956673656,0.0007173601147776184,0.003714710252600297,0.0029455081001472753,0.00641025641025641,0.009009009009009009,0.005772005772005772,0.0,0.002896451846488052,0.0007722007722007722,0.0015267175572519084,0.0007604562737642585,0.0007874015748031496,0.0,0.0,0.0038639876352395673,0.003236245954692557,0.007263922518159807,0.0008347245409015025,0.0016542597187758478,0.0008149959250203749,0.0,0.0024691358024691358,0.0,0.0,0.0,0.0,0.0008539709649871904,0.0016570008285004142,0.0,0.007383100902378999,0.0,0.0008496176720475786,0.0,0.0,0.0008688097306689834,0.0,0.0,0.0,0.0,0.0,0.0,0.000864304235090752,0.0,0.0,0.0,0.0
Surah 9,0.0,0.04265943786560137,0.0500804505229284,0.039048907790450414,0.049686660698299016,0.03128859613009469,0.026790914385556204,0.04454828660436137,1.0,0.030724789915966385,0.028630384317771474,0.020811380400421495,0.02474088933467068,0.021527077026572486,0.008130081300813009,0.03485608661209401,0.01197278911564626,0.014804845222072678,0.007355292612727854,0.00938566552901024,0.01199760047990402,0.028250303766707167,0.01575299306868305,0.04071710726223032,0.011060507482108002,0.010429447852760737,0.01871165644171779,0.020130422455344486,0.03604193971166448,0.028344279294849638,0.01893095768374165,0.010116731517509728,0.033475349969567865,0.018549188473004307,0.021189336978810664,0.009310344827586206,0.010067114093959731,0.01238390092879257,0.03283767038413878,0.028151774785801713,0.01963439404197698,0.027476255088195387,0.01229235880398671,0.010646687697160883,0.02195306585919758,0.018149466192170817,0.022480329711502434,0.032173587729143284,0.023302531137002813,0.00348297213622291,0.006640625,0.005971337579617835,0.007053291536050157,0.0019904458598726115,0.0012234910277324632,0.003514252245216712,0.030740740740740742,0.03496503496503497,0.030314807617567042,0.015879317189360857,0.028413910093299407,0.016163334751169715,0.021711366538952746,0.026282853566958697,0.014997973246858533,0.016481252575195716,0.007920792079207921,0.0059976009596161535,0.0008103727714748784,0.0028937577511368336,0.004120313143798929,0.006472491909385114,0.00917813934084272,0.005702647657841141,0.0,0.0024449877750611247,0.001266891891891892,0.00041911148365465214,0.0008371703641691084,0.0,0.00043196544276457883,0.00043687199650502403,0.002957329953527672,0.0030329289428076256,0.008684324793747287,0.0,0.002631578947368421,0.0,0.0,0.0008729812309035355,0.000441306266548985,0.0,0.0,0.0,0.0008908685968819599,0.0004380201489268506,0.0004464285714285714,0.012307692307692308,0.0,0.0,0.0,0.0,0.0008988764044943821,0.0,0.0,0.0,0.0,0.0,0.0,0.00044802867383512545,0.0,0.0,0.0,0.0
Surah 10,0.002306805074971165,0.039566147265505655,0.0421912966644577,0.029585798816568046,0.03767038413878562,0.0730952380952381,0.06143269017520515,0.02702702702702703,0.030724789915966385,1.0,0.04875112849834487,0.02867602196461257,0.042735042735042736,0.033020790868324504,0.01468682505399568,0.048496009821976674,0.02583732057416268,0.02962496060510558,0.014176245210727969,0.020435510887772193,0.02462526766595289,0.032234957020057305,0.032245827010622154,0.027426160337552744,0.019569471624266144,0.027992633517495397,0.04719435154217763,0.04138627187079408,0.04602675059008655,0.05102040816326531,0.031278748850046,0.033070088845014806,0.02153954802259887,0.04552845528455285,0.038011695906432746,0.018915510718789406,0.018277822908204712,0.012868410128684102,0.05990265818045676,0.05580192165558019,0.03463917525773196,0.04466501240694789,0.028294260307194827,0.02030708271421496,0.04619047619047619,0.04336283185840708,0.018298261665141813,0.014388489208633094,0.014895729890764648,0.009174311926605505,0.010228933268387726,0.010484273589615577,0.01772525849335303,0.004488778054862843,0.0035989717223650387,0.0078010726474890294,0.027489860297431275,0.023685457129322594,0.022857142857142857,0.01131333005410723,0.01639344262295082,0.015616585891222402,0.007970244420828906,0.015568240788790867,0.011116725618999495,0.006147540983606557,0.015920398009950248,0.0075075075075075074,0.0020376974019358125,0.005227391531625719,0.005720228809152366,0.007102993404363267,0.008952080042127435,0.006656426011264721,0.0005353319057815846,0.004104669061056952,0.00322234156820623,0.003194888178913738,0.003188097768331562,0.0,0.002211166390270868,0.0005599104143337066,0.004833512352309345,0.0022123893805309734,0.00663716814159292,0.0005649717514124294,0.005073280721533258,0.0005558643690939411,0.0016286644951140066,0.0022396416573348264,0.0,0.0005621135469364812,0.0,0.0,0.0017231476163124641,0.0011242270938729624,0.0005757052389176742,0.007838745800671893,0.000574052812858783,0.0011441647597254005,0.0,0.0,0.0017431725740848344,0.0,0.0,0.0,0.0005770340450086555,0.0,0.0005777007510109763,0.0011574074074074073,0.0,0.0,0.0005780346820809249,0.0
Surah 11,0.0005555555555555556,0.0304576144036009,0.032390412437918376,0.024283935242839352,0.03381172464120652,0.046005951018539715,0.048886004758814626,0.025343189017951427,0.028630384317771474,0.04875112849834487,1.0,0.029059316956261235,0.02699530516431925,0.0281076801266825,0.022467147096227214,0.04005979073243647,0.01863932898415657,0.025246305418719212,0.016122984626921636,0.016677567037279267,0.02265597769257581,0.026490066225165563,0.03687150837988827,0.023311621528968117,0.01715592832634388,0.03106936416184971,0.02819414703783012,0.033715220949263505,0.0457164809834806,0.026731470230862697,0.020814880425155006,0.022285443338074917,0.02036589575422851,0.02889496290511519,0.023704298915227,0.017594108019639936,0.013806706114398421,0.016240357287860333,0.03988501616960115,0.03472714386959603,0.03542673107890499,0.04269029399919452,0.021151586368977675,0.011916110581506196,0.025873808443032227,0.03905579399141631,0.014178112538768276,0.01310615989515072,0.012493993272465162,0.008430913348946136,0.01810385898046689,0.004814636494944632,0.00995732574679943,0.002413127413127413,0.0014910536779324055,0.0047169811320754715,0.02225130890052356,0.021120293847566574,0.017487344684767602,0.010491177873152123,0.011207335710646969,0.008277289187790998,0.009268795056642637,0.017632241813602016,0.009290953545232274,0.008959681433549029,0.017399710004833254,0.005813953488372093,0.0009861932938856016,0.004044489383215369,0.014220416455053326,0.005400098183603338,0.009178990311065782,0.005949429846306396,0.0005178663904712584,0.001984126984126984,0.0005181347150259067,0.0015432098765432098,0.0025693730729701952,0.0005249343832020997,0.0,0.0005408328826392645,0.002072538860103627,0.003747323340471092,0.006951871657754011,0.0,0.004352557127312296,0.0016129032258064516,0.001049317943336831,0.0016216216216216215,0.000547645125958379,0.0,0.0,0.0,0.0022185246810870773,0.0016295491580662683,0.0005555555555555556,0.006482982171799027,0.0,0.0,0.0,0.0005561735261401557,0.002243409983174425,0.0,0.0005571030640668524,0.0,0.0005567928730512249,0.0,0.0,0.0011166945840312675,0.0,0.0,0.0,0.0011173184357541898
Surah 12,0.0,0.020546910409427407,0.022339027595269383,0.017728999577880964,0.01971900419028839,0.031712962962962964,0.03225806451612903,0.015596663039535727,0.020811380400421495,0.02867602196461257,0.029059316956261235,1.0,0.015770319450060657,0.018867924528301886,0.015011037527593819,0.027786259541984732,0.012795905310300703,0.014186633039092055,0.013265704252828716,0.013189042948934731,0.02210144927536232,0.016146393972012917,0.01597565614302016,0.0191625266146203,0.011881188118811881,0.01895910780669145,0.02177925433739387,0.03641933287950987,0.019538882375928098,0.024101479915433405,0.012939001848428836,0.007893438579181056,0.01390870185449358,0.019401778496362168,0.01882845188284519,0.013230900554844216,0.012778235779060182,0.01658868566567418,0.02468680913780398,0.02184200946487077,0.017798013245033113,0.02018953440461475,0.019207192480588477,0.010558069381598794,0.01609086606720303,0.02350332594235033,0.01350721937587331,0.010999083409715857,0.008598887202832575,0.005917159763313609,0.00897308075772682,0.008171603677221655,0.013567839195979899,0.0030643513789581204,0.001579778830963665,0.003982080637132902,0.013636363636363636,0.012955854126679463,0.015980629539951573,0.009562154001006542,0.01079913606911447,0.008237232289950576,0.008187772925764192,0.008994708994708995,0.007227671657201859,0.008961518186610437,0.00963000506842372,0.0077002053388090345,0.0010443864229765013,0.0032137118371719335,0.0042643923240938165,0.0041515308770108976,0.005387931034482759,0.005246589716684155,0.00055005500550055,0.0036842105263157894,0.0011013215859030838,0.0016384489350081922,0.0010893246187363835,0.0,0.003986332574031891,0.0,0.0016501650165016502,0.0022753128555176336,0.003970504821327283,0.0005813953488372093,0.0028935185185185184,0.0005717552887364208,0.0011154489682097045,0.0,0.0,0.0,0.0,0.0,0.0,0.001156737998843262,0.0005927682276229994,0.0028653295128939827,0.0,0.0,0.0,0.0,0.0,0.0,0.0,0.0,0.0,0.0,0.000594883997620464,0.0011918951132300357,0.0,0.0,0.0,0.0
Surah 13,0.0,0.028013141967836764,0.027430093209054592,0.022947475777664456,0.02432266009852217,0.031683168316831684,0.024530271398747392,0.02103642893791688,0.02474088933467068,0.042735042735042736,0.02699530516431925,0.015770319450060657,1.0,0.03589108910891089,0.015688949522510234,0.04114052953156823,0.01947209000432713,0.020780322307039863,0.01534090909090909,0.015327450069670227,0.01926001013684744,0.02691721686135094,0.019726027397260273,0.023833167825223437,0.014534883720930232,0.013116474291710388,0.02405857740585774,0.02054794520547945,0.04410911201392919,0.042690815006468305,0.035982008995502246,0.02921535893155259,0.019558676028084254,0.037575757575757575,0.04568854568854569,0.012297734627831715,0.00795593635250918,0.01804123711340206,0.06310679611650485,0.05382585751978892,0.027414330218068536,0.04648241206030151,0.016908212560386472,0.006711409395973154,0.03323029366306028,0.023923444976076555,0.0293896006028636,0.021961932650073207,0.01630901287553648,0.009852216748768473,0.00579950289975145,0.006050129645635264,0.0100418410041841,0.006102877070619006,0.004599816007359705,0.0024916943521594683,0.03272727272727273,0.0252167060677699,0.025477707006369428,0.007582139848357203,0.011428571428571429,0.015841584158415842,0.010721247563352826,0.026192703461178673,0.015124555160142349,0.014705882352941176,0.01721170395869191,0.0069868995633187774,0.002717391304347826,0.003777148253068933,0.0028011204481792717,0.012601260126012601,0.00667302192564347,0.01282051282051282,0.000992063492063492,0.005499541704857928,0.0009930486593843098,0.005893909626719057,0.005870841487279843,0.0,0.002103049421661409,0.0,0.0009900990099009901,0.005279831045406547,0.012658227848101266,0.005518763796909493,0.002171552660152009,0.0010649627263045794,0.0010162601626016261,0.001076426264800861,0.0,0.001088139281828074,0.0011248593925759281,0.0,0.00340522133938706,0.0,0.0011402508551881414,0.01293103448275862,0.0,0.0011248593925759281,0.0,0.0,0.003484320557491289,0.0,0.0,0.0,0.0,0.0,0.0,0.0,0.0,0.0011574074074074073,0.0,0.0
Surah 14,0.001177856301531213,0.02886454529647018,0.027911969940955447,0.021800461656835086,0.026766262060379707,0.024052065647990947,0.027140974967061922,0.01975051975051975,0.021527077026572486,0.033020790868324504,0.0281076801266825,0.018867924528301886,0.03589108910891089,1.0,0.014583333333333334,0.038193018480492814,0.011734028683181226,0.01797175866495507,0.00975889781859931,0.0160075329566855,0.01432225063938619,0.03908285565398645,0.01946607341490545,0.02365374937091092,0.014176018901358535,0.012772751463544438,0.020624008461131677,0.017988929889298892,0.03931924882629108,0.034617896799477466,0.04073789392774789,0.015164279696714406,0.016734279918864097,0.03503380454824831,0.04379084967320261,0.011857707509881422,0.00809464508094645,0.023071852340145024,0.04126473740621651,0.04290254237288135,0.024005053695514846,0.04597701149425287,0.016574585635359115,0.011216566005176877,0.027472527472527472,0.018711018711018712,0.01749049429657795,0.01634472511144131,0.014925373134328358,0.011784511784511785,0.006791171477079796,0.007985803016858917,0.01201716738197425,0.0026714158504007124,0.004721435316336166,0.0,0.03648548026805659,0.03918367346938775,0.031096563011456628,0.007765314926660914,0.021739130434782608,0.015259409969481181,0.01407035175879397,0.03484995159728945,0.02110091743119266,0.011278195488721804,0.01584507042253521,0.006261180679785331,0.0009276437847866419,0.008771929824561403,0.014548981571290009,0.0036596523330283625,0.004887585532746823,0.006535947712418301,0.0010204081632653062,0.007540056550424128,0.002044989775051125,0.004032258064516129,0.003009027081243731,0.0,0.0021668472372697724,0.002229654403567447,0.0040858018386108275,0.004347826086956522,0.014145810663764961,0.003409090909090909,0.004489337822671156,0.0,0.0031446540880503146,0.0022222222222222222,0.0,0.0,0.0,0.0,0.0035169988276670576,0.002244668911335578,0.0035419126328217238,0.01220865704772475,0.00117096018735363,0.002325581395348837,0.0,0.0,0.004807692307692308,0.0,0.002372479240806643,0.0,0.0,0.0,0.0,0.0,0.0,0.0,0.0,0.0011904761904761906
Surah 15,0.0015060240963855422,0.008267370272647317,0.008298755186721992,0.007692307692307693,0.007766990291262136,0.014775413711583925,0.016146688560481664,0.011383039271485486,0.008130081300813009,0.01468682505399568,0.022467147096227214,0.015011037527593819,0.015688949522510234,0.014583333333333334,1.0,0.018252933507170794,0.013238770685579196,0.005960568546538285,0.012218649517684888,0.014395886889460155,0.015819209039548022,0.012311135982092894,0.02360248447204969,0.007080610021786492,0.011221122112211221,0.038066465256797584,0.019871420222092345,0.014550928248871048,0.023225806451612905,0.018936635105608158,0.014756944444444444,0.01898101898101898,0.003861003861003861,0.015582655826558265,0.010737294201861132,0.01808590806330068,0.017743080198722498,0.045906656465187455,0.01853997682502897,0.015367103016505406,0.011267605633802818,0.011838440111420613,0.018698060941828253,0.014388489208633094,0.0162748643761302,0.022275258552108195,0.004355400696864111,0.005952380952380952,0.0062176165803108805,0.025201612903225805,0.038381742738589214,0.010626992561105207,0.006072874493927126,0.007494646680942184,0.005720823798627002,0.008113590263691683,0.00835421888053467,0.0064754856614246065,0.007497656982193065,0.0040858018386108275,0.005924170616113744,0.004944375772558714,0.004878048780487805,0.00683371298405467,0.003243243243243243,0.0033783783783783786,0.008324661810613945,0.008583690987124463,0.0011198208286674132,0.004728132387706856,0.002328288707799767,0.006622516556291391,0.004767580452920143,0.0011210762331838565,0.0012578616352201257,0.005688282138794084,0.0050568900126422255,0.0037128712871287127,0.0024600246002460025,0.0,0.0013531799729364006,0.0028089887640449437,0.0037735849056603774,0.0027137042062415195,0.004032258064516129,0.0,0.0014104372355430183,0.0013774104683195593,0.0025974025974025974,0.0013966480446927375,0.0014492753623188406,0.0,0.0,0.0,0.0014925373134328358,0.0014144271570014145,0.0015060240963855422,0.0013774104683195593,0.0,0.0014792899408284023,0.0,0.0,0.0,0.0,0.0015174506828528073,0.0,0.0,0.0,0.0,0.0045871559633027525,0.0,0.0,0.0,0.0
Surah 16,0.0011560693641618498,0.042471634467954614,0.044326241134751775,0.032463399108847865,0.041085657370517926,0.05731735964294104,0.04026115342763874,0.030061571894241218,0.03485608661209401,0.048496009821976674,0.04005979073243647,0.027786259541984732,0.04114052953156823,0.038193018480492814,0.018252933507170794,1.0,0.018401015228426396,0.023219328522121118,0.012653374233128834,0.015703307718008687,0.027618364418938307,0.0363963963963964,0.029969650986342945,0.03624733475479744,0.020816967792615867,0.019399707174231333,0.033443586916574786,0.035881958417169686,0.0612,0.0542967079948696,0.03136531365313653,0.021536955457660302,0.02086280056577086,0.02845691382765531,0.04159663865546218,0.0241423125794155,0.013371150729335495,0.008285004142502071,0.05805243445692884,0.04623853211009174,0.02877106452938759,0.037463976945244955,0.022150624244865084,0.010826771653543307,0.04582338902147971,0.028421512898994316,0.01928374655647383,0.01580135440180587,0.015952143569292122,0.00676328502415459,0.008288639687957094,0.01001001001001001,0.014271653543307087,0.0014962593516209476,0.003092783505154639,0.00291970802919708,0.022482014388489208,0.024726581074655255,0.020972354623450904,0.011346817957572768,0.016445623342175066,0.014023732470334413,0.013941018766756031,0.020931449502878074,0.011663286004056795,0.012933264355923435,0.018,0.013124684502776375,0.0010209290454313426,0.0047169811320754715,0.009424083769633508,0.006612410986775178,0.0079155672823219,0.006160164271047228,0.0010746910263299302,0.005151983513652756,0.003232758620689655,0.0026695141484249867,0.002663825253063399,0.0010899182561307902,0.0005537098560354374,0.0011242270938729624,0.002688172043010753,0.0033333333333333335,0.007218212104386452,0.00170261066969353,0.0028216704288939053,0.0016750418760469012,0.0010887316276537834,0.001122334455667789,0.0,0.0005640157924421884,0.0,0.0,0.0005757052389176742,0.0011280315848843769,0.0011560693641618498,0.0072992700729927005,0.0,0.0005737234652897303,0.0,0.0,0.0005824111822947001,0.0,0.0,0.0,0.0,0.0,0.0,0.0005803830528148578,0.0,0.0,0.000580046403712297,0.0
Surah 17,0.0006531678641410843,0.016638422431058387,0.0153015301530153,0.025945470536499562,0.013750954927425516,0.028701267639320738,0.018004000889086463,0.013026819923371647,0.01197278911564626,0.02583732057416268,0.01863932898415657,0.012795905310300703,0.01947209000432713,0.011734028683181226,0.013238770685579196,0.018401015228426396,1.0,0.03133423180592992,0.014125467386788533,0.013923598714744734,0.01446516939474686,0.014404852160727824,0.019456830158086746,0.010792705619650168,0.03094112591319295,0.013328106624852998,0.02111024237685692,0.019407198306280876,0.022083333333333333,0.025339366515837104,0.015968063872255488,0.01342642320085929,0.01511144692104269,0.018510546706844596,0.021057347670250897,0.011861313868613138,0.005242463958060288,0.010402532790592492,0.02379095163806552,0.01804915514592934,0.019929140832595216,0.022026431718061675,0.012559549588566478,0.009254218835057159,0.01633486472690148,0.01413760603204524,0.007984031936127744,0.010349926071956629,0.0065717415115005475,0.00694815606627472,0.005382131324004306,0.006644518272425249,0.011963023382272975,0.0016620498614958448,0.002296211251435132,0.0026939655172413795,0.009245742092457421,0.008771929824561403,0.01040582726326743,0.004343105320304018,0.0029222676797194622,0.0011918951132300357,0.0023710729104919974,0.0040137614678899085,0.007295173961840628,0.003997715591090805,0.009900990099009901,0.005564830272676683,0.0022766078542970974,0.004093567251461989,0.004067402672864613,0.0039503386004514675,0.0058823529411764705,0.0045662100456621,0.0012040939193257074,0.004589787722317842,0.0,0.004790419161676647,0.0011904761904761906,0.0,0.0012461059190031153,0.0,0.002408187838651415,0.00375,0.003107520198881293,0.0,0.0025429116338207248,0.0,0.0006105006105006105,0.0006317119393556538,0.0,0.0,0.0,0.0,0.0,0.0012714558169103624,0.0006531678641410843,0.0025157232704402514,0.0,0.0,0.0006510416666666666,0.0,0.0,0.0,0.0,0.0,0.0,0.0,0.0,0.001314060446780552,0.0,0.0013183915622940012,0.0,0.0
Surah 18,0.0006321112515802782,0.018688725490196078,0.02012072434607646,0.020995670995670995,0.01792476647311285,0.03176861071597914,0.026374113475177305,0.010877719429857465,0.014804845222072678,0.02962496060510558,0.025246305418719212,0.014186633039092055,0.020780322307039863,0.01797175866495507,0.005960568546538285,0.023219328522121118,0.03133423180592992,1.0,0.018389865140988965,0.016883573689764335,0.01684762261325346,0.02518796992481203,0.019062748212867357,0.01170018281535649,0.01365328920148945,0.010348792640858567,0.01757737867787543,0.024033437826541274,0.024969300040933277,0.01756697408871322,0.016561130053580127,0.015191199580932426,0.016332590942835932,0.019831223628691982,0.021929824561403508,0.013398838767306834,0.007712082262210797,0.012405848471422242,0.026467203682393557,0.023484848484848483,0.02037277850021673,0.024632670700086432,0.014437367303609342,0.005807814149947202,0.02048975512243878,0.017082179132040628,0.01123046875,0.014485755673587638,0.0080042689434365,0.0078125,0.005238344683080147,0.002682403433476395,0.008438818565400843,0.0010770059235325794,0.0016722408026755853,0.0010471204188481676,0.011904761904761904,0.008547008547008548,0.009625126646403243,0.005288207297726071,0.007411630558722919,0.004060324825986079,0.006354708261120739,0.009523809523809525,0.013172338090010977,0.004441976679622432,0.005863539445628998,0.004324324324324324,0.001658374792703151,0.0022675736961451248,0.005084745762711864,0.007154650522839846,0.003990877993158495,0.003880266075388027,0.0011682242990654205,0.009523809523809525,0.0,0.006402793946449359,0.0011554015020219526,0.0023752969121140144,0.0018126888217522659,0.001226993865030675,0.0029222676797194622,0.0036341611144760752,0.007869249394673124,0.0006191950464396285,0.0024630541871921183,0.0,0.0,0.001224739742804654,0.0,0.0,0.0,0.0,0.0018915510718789407,0.0006153846153846154,0.0006321112515802782,0.005501222493887531,0.0,0.0,0.000630119722747322,0.0,0.0019157088122605363,0.0006297229219143577,0.0,0.0,0.0,0.0,0.0,0.0,0.0,0.0006373486297004461,0.0,0.0
Surah 19,0.0,0.013445378151260505,0.02018111254851229,0.01410891089108911,0.0148720999405116,0.014130434782608696,0.013646702047005308,0.011208576998050682,0.007355292612727854,0.014176245210727969,0.016122984626921636,0.013265704252828716,0.01534090909090909,0.00975889781859931,0.012218649517684888,0.012653374233128834,0.014125467386788533,0.018389865140988965,1.0,0.012032085561497326,0.018959649975692758,0.01591128254580521,0.013541666666666667,0.009402914903620122,0.021205357142857144,0.0176678445229682,0.01188707280832095,0.02067751869775627,0.015633423180592992,0.011926058437686345,0.008940852819807428,0.00996168582375479,0.01291248206599713,0.02160318362706083,0.013633669235328987,0.023587833643699565,0.011091652072387624,0.01586333129957291,0.018325903912828134,0.02359882005899705,0.012850467289719626,0.01625072547881602,0.021362586605080832,0.008634222919937205,0.014989293361884369,0.023270846800258566,0.009742519137091163,0.00954328561690525,0.004750593824228029,0.009984639016897081,0.011682242990654205,0.005636070853462158,0.0078003120124804995,0.0016168148746968471,0.004266211604095563,0.003105590062111801,0.008037508372404554,0.008,0.011045655375552283,0.006284367635506678,0.0061403508771929825,0.0036133694670280035,0.002680965147453083,0.00510204081632653,0.004918032786885246,0.004222972972972973,0.007955449482895784,0.0040551500405515,0.003367003367003367,0.0008718395815170009,0.006076388888888889,0.005818786367414797,0.003518029903254178,0.0042158516020236085,0.0009149130832570906,0.000846740050804403,0.0009157509157509158,0.009099181073703366,0.0,0.0,0.0009643201542912247,0.0,0.0027447392497712718,0.005819592628516004,0.005774783445620789,0.002012072434607646,0.0009930486593843098,0.0019550342130987292,0.0009354536950420954,0.0019743336623889436,0.0010121457489878543,0.0,0.0,0.0,0.003105590062111801,0.0029910269192422734,0.0010395010395010396,0.0068762278978389,0.0,0.0,0.0,0.0,0.003171247357293869,0.0,0.0010449320794148381,0.0,0.0,0.0,0.0,0.002098635886673662,0.0,0.001053740779768177,0.0,0.0
