,Surah 1,Surah 2,Surah 3,Surah 4,Surah 5,Surah 6,Surah 7,Surah 8,Surah 9,Surah 10,Surah 11,Surah 12,Surah 13,Surah 14,Surah 15,Surah 16,Surah 17,Surah 18,Surah 19,Surah 20,Surah 21,Surah 22,Surah 23,Surah 24,Surah 25,Surah 26,Surah 27,Surah 28,Surah 29,Surah 30,Surah 31,Surah 32,Surah 33,Surah 34,Surah 35,Surah 36,Surah 37,Surah 38,Surah 39,Surah 40,Surah 41,Surah 42,Surah 43,Surah 44,Surah 45,Surah 46,Surah 47,Surah 48,Surah 49,Surah 50,Surah 51,Surah 52,Surah 53,Surah 54,Surah 55,Surah 56,Surah 57,Surah 58,Surah 59,Surah 60,Surah 61,Surah 62,Surah 63,Surah 64,Surah 65,Surah 66,Surah 67,Surah 68,Surah 69,Surah 70,Surah 71,Surah 72,Surah 73,Surah 74,Surah 75,Surah 76,Surah 77,Surah 78,Surah 79,Surah 80,Surah 81,Surah 82,Surah 83,Surah 84,Surah 85,Surah 86,Surah 87,Surah 88,Surah 89,Surah 90,Surah 91,Surah 92,Surah 93,Surah 94,Surah 95,Surah 96,Surah 97,Surah 98,Surah 99,Surah 100,Surah 101,Surah 102,Surah 103,Surah 104,Surah 105,Surah 106,Surah 107,Surah 108,Surah 109,Surah 110,Surah 111,Surah 112,Surah 113,Surah 114
Surah 1,1.0,0.0,0.0,0.0,0.000354735721887194,0.00031496062992125983,0.00029507229271171436,0.0,0.0,0.0010422094841063053,0.0,0.0,0.0,0.0,0.0,0.0,0.0,0.0,0.0,0.0,0.0,0.0,0.0,0.0,0.0,0.0,0.002512562814070352,0.0006666666666666666,0.0,0.0,0.0,0.0,0.0,0.0,0.0,0.0,0.0011695906432748538,0.0,0.0016155088852988692,0.001589825119236884,0.0,0.0,0.0,0.0,0.0,0.0,0.0,0.0,0.0,0.0,0.0,0.0,0.0,0.0,0.0,0.0,0.0,0.0,0.002074688796680498,0.0,0.0,0.0,0.0,0.0,0.0,0.0,0.0,0.0,0.0,0.0,0.0,0.0,0.0,0.0,0.0,0.0,0.0,0.0,0.0,0.0,0.0078125,0.0,0.0,0.0,0.0,0.0,0.0,0.0,0.0,0.0,0.0,0.0,0.0,0.0,0.0,0.0,0.0,0.0,0.0,0.0,0.0,0.0,0.0,0.0,0.0,0.0,0.0,0.0,0.0,0.0,0.0,0.0,0.0,0.0
Surah 2,0.0,1.0,0.03361436548779152,0.016443554337514495,0.025808711900035034,0.010950116137595398,0.015635179153094463,0.013284855264997902,0.016260162601626018,0.012325073822056746,0.007246376811594203,0.0030856261249678583,0.009666080843585237,0.011194579466784505,0.0015071590052750565,0.015239571225623144,0.002639567110993797,0.004086475085684155,0.0017266187050359713,0.0055972696245733785,0.0023653819396131904,0.01210518992625574,0.0034173430158052115,0.012149661742371946,0.002901494269548818,0.001824561403508772,0.0035033632286995517,0.005522629310344827,0.010392609699769052,0.005758157389635317,0.008918960479778564,0.0029883611198490093,0.004271149076880683,0.004220023282887078,0.005311301268810859,0.002682563338301043,0.0008805400645729381,0.0014852220406950838,0.006566997345256393,0.006688963210702341,0.0030886895131637007,0.007903981264637002,0.0014637002341920376,0.0011037527593818985,0.00697350069735007,0.0030134096730450506,0.00430173605776617,0.0029003205617462984,0.004903511546978804,0.0004706620646375902,0.00047221784983472373,0.0003169572107765452,0.0011025358324145535,0.0,0.00015964240102171138,0.00031446540880503143,0.008418796877391704,0.00699518109746619,0.006871778853662346,0.004108073945331016,0.004364694471387003,0.005210877707213809,0.0025948751216347712,0.006120148172008375,0.004629629629629629,0.0019236934915036871,0.0011065444198545685,0.0006357279084551812,0.0,0.00032216494845360824,0.0008050233456770246,0.0,0.0024256144890038808,0.0009609224855861628,0.0,0.000320666987333654,0.00016241676140977748,0.0,0.00016212710765239947,0.0,0.0,0.0,0.00016241676140977748,0.00032829940906106366,0.001806536377073411,0.0,0.0,0.0,0.0,0.00016474464579901152,0.0,0.00016504373659019642,0.0,0.0,0.0003321707357581797,0.0,0.0,0.002306805074971165,0.0,0.0,0.0,0.0,0.0003332777870354941,0.0,0.0,0.0,0.0,0.0,0.0,0.0,0.0,0.0,0.0,0.0
Surah 3,0.0,0.03361436548779152,1.0,0.014428571428571428,0.028505519855000824,0.00994948721873565,0.0062038404726735595,0.01950585175552666,0.01776563033823027,0.01097445600756859,0.0063587058163456145,0.003816793893129771,0.0071742652163850965,0.009339248190520663,0.0007317073170731707,0.01391536408692337,0.0015851000594412521,0.0027662517289073307,0.006604418127989069,0.0031191515907673115,0.0019342359767891683,0.010679196924391286,0.002447708055184691,0.01850276478094428,0.002293052052281587,0.002836569932358717,0.005879790940766551,0.005925623212096444,0.009282318315598823,0.007075471698113208,0.008785140562248996,0.0023523261892315736,0.006146672318779143,0.00391524643021649,0.008260561718196837,0.0019147917663954045,0.0023430178069353325,0.0028646455001193603,0.008872538411599221,0.007314974182444062,0.0028129395218002813,0.01140861466821886,0.0032664489034064394,0.0015785319652722968,0.009441183975503956,0.005866536299193351,0.00655076845553036,0.005994005994005994,0.007667900581702803,0.0002608242044861763,0.00026226068712300026,0.0,0.0018387181507748883,0.0,0.0005374899220639613,0.0005238344683080147,0.015562248995983935,0.011305241521068859,0.00904392764857881,0.005007907221929362,0.008516483516483516,0.009733036707452725,0.0033076074972436605,0.007889009793253536,0.0037463205780037465,0.003789929615592853,0.0010562450488513335,0.0005330490405117271,0.0,0.0002727024815925825,0.0005446623093681918,0.0,0.0016433853738701725,0.0008097165991902834,0.0,0.0005412719891745603,0.0,0.0,0.0005517241379310345,0.0,0.0,0.0,0.0,0.0011273957158962795,0.002818489289740699,0.0,0.0,0.0,0.0,0.0,0.0,0.0,0.0,0.0,0.0005748778384593274,0.0,0.0,0.0036848072562358277,0.0,0.0,0.0,0.0,0.0005782017924255566,0.0,0.0,0.0,0.0,0.0,0.0,0.0,0.0,0.0,0.0,0.0
Surah 4,0.0,0.016443554337514495,0.014428571428571428,1.0,0.017363851617995266,0.006213936972924989,0.004582557639982815,0.00780447730540152,0.010496965720846317,0.006716282446905065,0.0025134649910233393,0.0023853211009174312,0.003525005507821106,0.0066725978647686835,0.0006971880083662561,0.007848147472166453,0.004393505253104107,0.0034220532319391636,0.0034729759062296505,0.0035935316430425234,0.0018533772652388797,0.007965686274509803,0.001702127659574468,0.010935601458080195,0.003950834064969272,0.0012518255789693302,0.0014537902388369677,0.003720383786959076,0.004093063334769496,0.0044913541432741975,0.006196377502383222,0.0007434944237918215,0.015592942141977841,0.002857770938667839,0.0053920467310716695,0.0006839945280437756,0.0006699419383653417,0.001364256480218281,0.004750103263114415,0.004937255708701913,0.0024608501118568234,0.006641576267434138,0.0002221235006663705,0.0007486897928624906,0.003861935795317403,0.0016237531895151936,0.00671462829736211,0.009062723586930598,0.005511022044088177,0.0,0.000249003984063745,0.0007556675062972292,0.002245508982035928,0.0,0.0005096839959225281,0.0,0.00758833293810766,0.007055961070559611,0.0053842388644150755,0.004,0.0031071983428275505,0.0020909566126502874,0.003918495297805642,0.005402624131721122,0.005339435545385202,0.0015364916773367477,0.00025043826696719256,0.0005056890012642225,0.0,0.00025839793281653745,0.0007743933918430562,0.0010162601626016261,0.0023370553103090105,0.0005116398055768739,0.0,0.001026694045174538,0.0005239717055279015,0.0,0.0,0.0,0.0,0.0,0.00026191723415400735,0.0005329070077271516,0.0021316280309086064,0.0,0.0,0.0,0.0,0.0002680246582685607,0.0,0.0,0.0,0.0,0.0005431830526887561,0.0,0.0,0.004561309364099812,0.0,0.0,0.0,0.0,0.0005461496450027307,0.0,0.0,0.0,0.0,0.0,0.0,0.0002725538293813028,0.0,0.0,0.0,0.0
Surah 5,0.000354735721887194,0.025808711900035034,0.028505519855000824,0.017363851617995266,1.0,0.008486082824168364,0.00555374060764456,0.012,0.01844026123703419,0.008824795523030563,0.005533092147265376,0.001958650707290533,0.00544069640914037,0.009358656757500689,0.0005805515239477503,0.013255106475445458,0.00022737608003638017,0.0013596193065941536,0.002663825253063399,0.003370245546461242,0.002001000500250125,0.01141439205955335,0.0013007284079084287,0.013487003433055419,0.004054054054054054,0.001779811848461734,0.002783400809716599,0.005419415645617342,0.006885593220338983,0.0038888888888888888,0.008698260347930415,0.001575299306868305,0.007635467980295567,0.004884667571234735,0.005002779321845469,0.0008505812305075135,0.002213613724405091,0.003680634201585504,0.008559919436052367,0.004491017964071856,0.0027685492801771874,0.009304871373836891,0.00192466318394281,0.0009529860228716646,0.0045662100456621,0.005815644082582146,0.004512635379061372,0.008373205741626795,0.010246557796990073,0.0006295247088448222,0.0006337135614702154,0.00032123353678124,0.0019035532994923859,0.0,0.0,0.0,0.013452914798206279,0.015794363580055745,0.014044943820224719,0.009593859929645027,0.009036144578313253,0.00676818950930626,0.005052206130010104,0.01262039189637994,0.005849853753656159,0.0042777229351760445,0.001597444089456869,0.00032289312237649337,0.0,0.000664451827242525,0.0013271400132714001,0.0012999675008124798,0.0016688918558077437,0.001969796454366382,0.0,0.0006581112207963146,0.000676132521974307,0.0006745362563237774,0.0,0.0,0.0003455425017277125,0.0,0.000676132521974307,0.0010369858278603526,0.005544005544005544,0.0,0.0,0.0,0.0,0.0,0.0,0.0,0.0,0.0,0.0007084661707403471,0.0,0.0,0.0055768560474032764,0.0,0.0,0.0,0.0,0.0007135212272565109,0.0,0.0,0.0,0.0,0.0,0.0,0.0,0.0,0.0,0.0,0.0
Surah 6,0.00031496062992125983,0.010950116137595398,0.00994948721873565,0.006213936972924989,0.008486082824168364,1.0,0.01973066082054494,0.005479452054794521,0.006224435354792815,0.030234933605720122,0.015996800639872025,0.008335027444602561,0.008712969878018421,0.00575,0.002108036890645586,0.02115971515768057,0.009768528349968147,0.008447729672650475,0.0019455252918287938,0.0031042128603104213,0.005764353239566521,0.0054446460980036296,0.009603841536614645,0.005150022391401702,0.006427688504326329,0.0030352556619192153,0.008876430740481197,0.012261878694985767,0.012664393570384803,0.008382016764033528,0.004592112371690978,0.00540386803185438,0.0018022077044379365,0.008948545861297539,0.01017293997965412,0.008303061754021795,0.0025201612903225806,0.002827763496143959,0.023943661971830985,0.009444828380557475,0.004545454545454545,0.008478802992518703,0.005277707966825836,0.002,0.007162534435261708,0.013011152416356878,0.0021697857336588013,0.0008053691275167785,0.001426126640045636,0.001984126984126984,0.0011396011396011395,0.001443001443001443,0.004574042309891366,0.0,0.0005846243788365975,0.0005685048322910744,0.004289544235924933,0.0024813895781637717,0.003339827442248817,0.0002847380410022779,0.002676977989292088,0.0027092113184828417,0.001799640071985603,0.0038325471698113208,0.0011604293588627793,0.0005871990604815032,0.0034492670307559644,0.0011594202898550724,0.0,0.000297000297000297,0.0005931198102016608,0.0002910360884749709,0.0008944543828264759,0.0014692918013517484,0.0,0.0008839127872716559,0.00030165912518853697,0.0006022282445046673,0.0,0.0,0.0012319063751154912,0.0,0.0,0.0,0.00030703101013202335,0.0,0.0006215040397762585,0.0,0.0,0.0,0.0,0.0,0.0,0.0,0.0,0.0,0.0,0.0,0.0,0.0,0.0,0.0,0.0,0.0,0.0,0.0,0.0,0.0,0.0,0.0,0.0,0.0,0.0,0.0
Surah 7,0.00029507229271171436,0.015635179153094463,0.0062038404726735595,0.004582557639982815,0.00555374060764456,0.01973066082054494,1.0,0.0019527012367107832,0.005307310392056155,0.02316076294277929,0.01905311778290993,0.0070066173608407945,0.0051837888784165885,0.008329366968110423,0.0034973769672745443,0.00945216049382716,0.003432956381260097,0.0064555174500706075,0.0018492834026814608,0.008943781942078365,0.0050516143202284204,0.0034557235421166306,0.010057142857142857,0.0023444160272804776,0.005396527451900516,0.020592894319981896,0.013640429338103756,0.006240898689411275,0.014149849222918117,0.0060110603510459245,0.00306044376434583,0.004017139796464917,0.0021500752526338422,0.008020759613116301,0.004559635229181665,0.0034263338228095936,0.0023912003825920613,0.004393458628264584,0.009485991617030664,0.00988793671720501,0.005999520038396928,0.004719207173194903,0.007892848600813202,0.0026946914578280788,0.0041515308770108976,0.01002757583354224,0.002050756216354781,0.001015744032503809,0.0008060182697474476,0.0005337603416066186,0.0008053691275167785,0.0016313213703099511,0.0018812147272238647,0.0,0.0005502063273727648,0.0008040739748056821,0.005076142131979695,0.002343139807341838,0.002888655462184874,0.0008055853920515575,0.002797202797202797,0.0022618037885213456,0.0022560631697687537,0.002770850651149903,0.0010925976509150504,0.00027616680475006904,0.0013513513513513514,0.0032822757111597373,0.0005526388505111909,0.0,0.0011160714285714285,0.0005480953685941354,0.0005603810591202018,0.0008289582757667864,0.0,0.0005541701302299807,0.0008505812305075135,0.0002828054298642534,0.0008479366873940079,0.0,0.0011557353366079169,0.0,0.0,0.0008663008951775916,0.001442169022209403,0.0,0.0008743806470416788,0.0,0.0,0.0,0.0,0.0,0.0,0.0,0.0002946375957572186,0.0,0.0,0.0011590843233845263,0.0,0.0,0.0,0.0,0.0002963841138114997,0.0,0.0,0.0,0.0,0.0,0.0,0.0,0.0,0.0,0.0,0.0
Surah 8,0.0,0.013284855264997902,0.01950585175552666,0.00780447730540152,0.012,0.005479452054794521,0.0019527012367107832,1.0,0.016198704103671708,0.005106926268751995,0.003779527559055118,0.0009794319294809011,0.0065298507462686565,0.004719207173194903,0.0005241090146750524,0.004500160720025715,0.0010496850944716584,0.0006946856547412296,0.0018001800180018,0.0003803727653100038,0.00040535062829347385,0.018459069020866775,0.0017338534893801473,0.01090767432800935,0.0009195402298850574,0.0016680567139282735,0.0033098882912701694,0.0033088235294117647,0.005775211017325633,0.0024142926122646064,0.008844665561083471,0.002443494196701283,0.011089108910891089,0.004174397031539889,0.007759456838021339,0.0015082956259426848,0.0,0.0014970059880239522,0.0069359445124439,0.005658852061438965,0.0038535645472061657,0.006083294337856809,0.00047505938242280285,0.004984423676012461,0.0022753128555176336,0.005759162303664921,0.00783435926133184,0.002185792349726776,0.016341923318667503,0.0006097560975609756,0.0,0.0012706480304955528,0.0,0.0,0.0,0.0,0.010917030567685589,0.008685581933989578,0.014226437462951986,0.008722741433021807,0.0020352781546811396,0.005598320503848845,0.004864489228630994,0.009352037408149633,0.004516129032258065,0.003978779840848806,0.003771213073538655,0.0,0.0,0.0006788866259334691,0.0,0.0006485084306095979,0.0013689253935660506,0.0013227513227513227,0.0,0.0013324450366422385,0.0,0.0,0.0,0.0,0.0,0.0,0.0,0.0,0.002204261572373255,0.0,0.0007547169811320754,0.0,0.0,0.0,0.0,0.0,0.0,0.0,0.0,0.0,0.0,0.002232142857142857,0.0,0.0,0.0,0.0,0.0,0.0,0.0,0.0,0.0,0.0,0.0,0.0,0.0,0.0,0.0,0.0
Surah 9,0.0,0.016260162601626018,0.01776563033823027,0.010496965720846317,0.01844026123703419,0.006224435354792815,0.005307310392056155,0.016198704103671708,1.0,0.005021684546907099,0.005889014722536806,0.004651162790697674,0.00589622641509434,0.006545670931270455,0.00031625553447185326,0.008986175115207374,0.0007295719844357977,0.001695736434108527,0.0002874389192296637,0.0028401755744900596,0.0005376344086021505,0.007974481658692184,0.002249086308687096,0.011563731931668857,0.0023371311714869996,0.0005473453749315818,0.002179242713157178,0.003527336860670194,0.011210117849956885,0.006346328195829556,0.005551926845199217,0.0020768431983385254,0.007142857142857143,0.0026392961876832845,0.00391684242241639,0.0009250693802035153,0.0008995502248875562,0.0027675276752767526,0.007034632034632035,0.005643644181671593,0.0027035145689396217,0.00889152341434499,0.002386634844868735,0.0017470300489168414,0.004329004329004329,0.002842703727100442,0.006589785831960461,0.009810333551340745,0.007368421052631579,0.0003455425017277125,0.0006963788300835655,0.0003534817956875221,0.0010449320794148381,0.0003544842254519674,0.0,0.0006949270326615705,0.01040988939492518,0.012162162162162163,0.009533537623425264,0.0056002800140007,0.01448736998514116,0.006734006734006734,0.008591707134852447,0.010968921389396709,0.0050053628888094386,0.00727802037845706,0.0017568517217146872,0.0007112375533428165,0.0,0.0,0.00036589828027808267,0.0010737294201861132,0.0022132054592401327,0.001447178002894356,0.0,0.000362844702467344,0.00037383177570093456,0.0,0.0,0.0,0.0,0.0,0.0,0.0011498658489842851,0.0034495975469528554,0.0,0.0,0.0,0.0,0.0,0.0,0.0,0.0,0.0,0.0,0.0,0.0,0.005411673753382296,0.0,0.0,0.0,0.0,0.0,0.0,0.0,0.0,0.0,0.0,0.0,0.0,0.0,0.0,0.0,0.0
Surah 10,0.0010422094841063053,0.012325073822056746,0.01097445600756859,0.006716282446905065,0.008824795523030563,0.030234933605720122,0.02316076294277929,0.005106926268751995,0.005021684546907099,1.0,0.01728263759638394,0.006519967400162999,0.016351744186046513,0.011695906432748537,0.0023603461841070024,0.017572316842389836,0.005747126436781609,0.00946372239747634,0.00280014000700035,0.0052275522755227555,0.00517631834357813,0.010174880763116057,0.006482429205049471,0.006535947712418301,0.006792992491955667,0.009628154050464808,0.01929474384564205,0.0123234144875263,0.0143256464011181,0.020676691729323307,0.01440922190201729,0.014686248331108143,0.0031426775612822125,0.0188953488372093,0.013049962714392245,0.004198473282442748,0.003685956505713233,0.001514004542013626,0.02103187643772593,0.019230769230769232,0.010014836795252226,0.013076643661460226,0.005126327352618088,0.0049085229808121375,0.01608125264494287,0.01506740681998414,0.003289473684210526,0.0016200891049007696,0.004452359750667854,0.000877963125548727,0.0008861320336730173,0.0018091361374943465,0.007582515611061552,0.00045330915684496827,0.0013856812933025404,0.0017691287041132243,0.008093889113719142,0.0071912013536379014,0.0059931506849315065,0.003109729009329187,0.004748338081671415,0.00484027105517909,0.001440922190201729,0.004672897196261682,0.0018248175182481751,0.0,0.004943820224719101,0.00045495905368516835,0.00046490004649000463,0.0004734848484848485,0.00047214353163361664,0.0004585052728106373,0.0009523809523809524,0.00046468401486988845,0.0,0.00046707146193367583,0.0004854368932038835,0.0,0.000966183574879227,0.0,0.0005012531328320802,0.0,0.0,0.0010025062656641604,0.0025025025025025025,0.0,0.0010188487009679063,0.0,0.0,0.0,0.0,0.0,0.0,0.0,0.0010395010395010396,0.0,0.0,0.0030303030303030303,0.0,0.0,0.0,0.0,0.0010504201680672268,0.0,0.0,0.0,0.0,0.0,0.0,0.0,0.0,0.0,0.0,0.0
Surah 11,0.0,0.007246376811594203,0.0063587058163456145,0.0025134649910233393,0.005533092147265376,0.015996800639872025,0.01905311778290993,0.003779527559055118,0.005889014722536806,0.01728263759638394,1.0,0.005642127888232133,0.004962779156327543,0.006456241032998565,0.007009345794392523,0.011439212556530992,0.0025502975347123833,0.004233700254022015,0.0020711080428028996,0.0036418816388467377,0.004150702426564496,0.0043736332396126214,0.014256619144602852,0.001837109614206981,0.003163444639718805,0.010170603674540682,0.006489292667099286,0.007692307692307693,0.014837819185645272,0.00511135450894487,0.005627009646302251,0.008703220191470844,0.0027941633033219497,0.009232954545454546,0.005841548010222709,0.00376081233546446,0.002177858439201452,0.002614867388868136,0.01353528843055108,0.008925725215173734,0.012839325018341893,0.013988522238163558,0.003606202668589975,0.002188183807439825,0.006188118811881188,0.01484375,0.0036452004860267314,0.0011961722488038277,0.0017467248908296944,0.00216169476869866,0.0034949759720401923,0.0,0.0017444395987788923,0.0,0.0,0.0004344048653344917,0.005566600397614314,0.002902155887230514,0.0033613445378151263,0.0017452006980802793,0.002793296089385475,0.0014211274277593558,0.000942951438000943,0.004591368227731864,0.0022431583669807087,0.0013711151736745886,0.005749668288367979,0.0004472271914132379,0.0,0.0,0.005125815470643057,0.0004506534474988734,0.0009354536950420954,0.0009136592051164915,0.0,0.0,0.0,0.0,0.000474158368895211,0.0,0.0,0.0,0.0,0.000983767830791933,0.00344149459193707,0.0,0.0004995004995004995,0.0,0.0,0.0,0.0,0.0,0.0,0.0,0.0010193679918450561,0.0,0.0,0.0024764735017335313,0.0,0.0,0.0,0.0,0.0010298661174047373,0.0,0.0,0.0,0.0,0.0,0.0,0.0,0.0,0.0,0.0,0.000513083632632119
Surah 12,0.0,0.0030856261249678583,0.003816793893129771,0.0023853211009174312,0.001958650707290533,0.008335027444602561,0.0070066173608407945,0.0009794319294809011,0.004651162790697674,0.006519967400162999,0.005642127888232133,1.0,0.0025858884373845584,0.004113687359760658,0.0028478437754271765,0.007664932931836847,0.001759014951627089,0.0023330417031204435,0.0018005041411595247,0.0003139717425431711,0.005319148936170213,0.002592352559948153,0.001047486033519553,0.0022264631043256997,0.001098901098901099,0.0037326094333220224,0.0026908846283215607,0.009526736324523662,0.0032017075773745998,0.007271335629544585,0.0025263157894736842,0.0004553734061930783,0.0009658725048293626,0.004429678848283499,0.0041936713686618375,0.001966181675186787,0.002277904328018223,0.0031311154598825833,0.004317502490866822,0.00727994705493051,0.0038022813688212928,0.0018511662347278786,0.003392385978137957,0.0018475750577367205,0.003028991778450887,0.0020226537216828477,0.00511727078891258,0.0020964360587002098,0.00046040515653775324,0.0004553734061930783,0.0013805798435342844,0.0009389671361502347,0.006941230911614993,0.0004710315591144607,0.0004798464491362764,0.0009174311926605505,0.0012474012474012475,0.0008710801393728223,0.001325088339222615,0.002304147465437788,0.0,0.001507537688442211,0.0004997501249375312,0.0009685230024213075,0.0,0.0,0.0013953488372093023,0.001419782300047326,0.0,0.0,0.0004914004914004914,0.0,0.0009915716410510659,0.001936108422071636,0.0,0.0014591439688715954,0.0,0.0,0.0,0.0,0.002620545073375262,0.0,0.0005058168942842691,0.0005227391531625719,0.0,0.0,0.0,0.0,0.0,0.0,0.0,0.0,0.0,0.0,0.0,0.0,0.0,0.0005257623554153522,0.0,0.0,0.0,0.0,0.0,0.0,0.0,0.0,0.0,0.0,0.0,0.0,0.0,0.0,0.0,0.0
Surah 13,0.0,0.009666080843585237,0.0071742652163850965,0.003525005507821106,0.00544069640914037,0.008712969878018421,0.0051837888784165885,0.0065298507462686565,0.00589622641509434,0.016351744186046513,0.004962779156327543,0.0025858884373845584,1.0,0.01080773606370876,0.0032216494845360823,0.010568513119533527,0.004805766920304365,0.0035714285714285713,0.003749330476700589,0.003524229074889868,0.004748338081671415,0.009699769053117783,0.005646817248459959,0.005378753922008068,0.0038503850385038503,0.0024449877750611247,0.007778317938745746,0.004224757076468103,0.014861995753715499,0.01352145796590241,0.013764624913971095,0.01018808777429467,0.002733485193621868,0.009465478841870824,0.015294117647058824,0.0018326206475259622,0.0011560693641618498,0.0030303030303030303,0.027683341427877612,0.025936599423631124,0.0069767441860465115,0.01410039481105471,0.0017133066818960593,0.0023847376788553257,0.010752688172043012,0.004481434058898848,0.009052924791086351,0.0047457627118644066,0.002377179080824089,0.001554001554001554,0.0007892659826361484,0.0,0.0,0.0,0.001702127659574468,0.0,0.004016064257028112,0.007246376811594203,0.005177514792899409,0.0023734177215189874,0.0017809439002671415,0.0009225092250922509,0.0018315018315018315,0.0069504778453518675,0.004166666666666667,0.0034542314335060447,0.0024154589371980675,0.0008285004142502071,0.0,0.0008920606601248885,0.0,0.0042158516020236085,0.0018034265103697023,0.0017241379310344827,0.0,0.0017406440382941688,0.0,0.0009293680297397769,0.0018535681186283596,0.0,0.0,0.0,0.0,0.00199203187250996,0.003968253968253968,0.001040582726326743,0.0,0.0,0.0,0.0,0.0,0.0,0.0,0.0,0.0021436227224008574,0.0,0.0,0.004036326942482341,0.0,0.0,0.0,0.0,0.002190580503833516,0.0,0.0,0.0,0.0,0.0,0.0,0.0,0.0,0.0,0.0,0.0
Surah 14,0.0,0.011194579466784505,0.009339248190520663,0.0066725978647686835,0.009358656757500689,0.00575,0.008329366968110423,0.004719207173194903,0.006545670931270455,0.011695906432748537,0.006456241032998565,0.004113687359760658,0.01080773606370876,1.0,0.0026246719160104987,0.014792899408284023,0.0016155088852988692,0.0024057738572574178,0.0010851871947911015,0.006263982102908278,0.0014395393474088292,0.01601507300989166,0.0031185031185031187,0.005906406179009541,0.0044742729306487695,0.002977667493796526,0.0054107230693556324,0.00299017513882956,0.014547413793103448,0.01073345259391771,0.016901408450704224,0.007194244604316547,0.004625346901017576,0.01306076093128904,0.01738609112709832,0.003738317757009346,0.0,0.0055658627087198514,0.013106796116504855,0.01591128254580521,0.00471976401179941,0.016666666666666666,0.0034904013961605585,0.0008123476848090983,0.010241404535479151,0.003911342894393742,0.0056657223796034,0.006232686980609419,0.004878048780487805,0.002386634844868735,0.0008077544426494346,0.0008375209380234506,0.0032388663967611335,0.0,0.0,0.0,0.012388162422573986,0.01947565543071161,0.010638297872340425,0.0016181229773462784,0.009208103130755065,0.00667302192564347,0.0047169811320754715,0.01436265709156194,0.008576329331046312,0.00354295837023915,0.00247320692497939,0.0,0.0,0.0018331805682859762,0.007332722273143905,0.0,0.0,0.004432624113475178,0.0,0.0017857142857142857,0.0,0.0,0.0009514747859181732,0.0,0.0,0.0,0.0,0.0020512820512820513,0.005112474437627812,0.0,0.0,0.0,0.0009910802775024777,0.0,0.0,0.0,0.0,0.0,0.0022123893805309734,0.0,0.0011098779134295228,0.00625,0.0,0.0,0.0,0.0,0.0022624434389140274,0.0,0.0011185682326621924,0.0,0.0,0.0,0.0,0.0,0.0,0.0,0.0,0.0
Surah 15,0.0,0.0015071590052750565,0.0007317073170731707,0.0006971880083662561,0.0005805515239477503,0.002108036890645586,0.0034973769672745443,0.0005241090146750524,0.00031625553447185326,0.0023603461841070024,0.007009345794392523,0.0028478437754271765,0.0032216494845360823,0.0026246719160104987,1.0,0.003977724741447892,0.0044444444444444444,0.00043878894251864854,0.0018495684340320592,0.004455445544554455,0.0021470746108427268,0.0010335917312661498,0.008254716981132075,0.0005017561465127947,0.003182686187141948,0.012935883014623173,0.003852504127682994,0.002827521206409048,0.005441354292623942,0.006139154160982265,0.004101722723543888,0.003861003861003861,0.0,0.0019218449711723255,0.0006775067750677507,0.0036075036075036075,0.004062288422477996,0.03306392358559882,0.004303388918773534,0.003189792663476874,0.0006747638326585695,0.0019404915912031048,0.005344021376085505,0.005964214711729622,0.0025906735751295338,0.006864988558352402,0.0008340283569641367,0.0,0.0,0.01364522417153996,0.019,0.0020554984583761563,0.0009823182711198428,0.0031120331950207467,0.0010787486515641855,0.0,0.0,0.0,0.0009017132551848512,0.0,0.0,0.0,0.0,0.0,0.0,0.0,0.0,0.0010438413361169101,0.0,0.0,0.0,0.0,0.0,0.0,0.0,0.0022222222222222222,0.0012195121951219512,0.0012091898428053204,0.0012033694344163659,0.0,0.0,0.0,0.0012195121951219512,0.0,0.0,0.0,0.0,0.0,0.0,0.0,0.0,0.0,0.0,0.0,0.0,0.0,0.0,0.0,0.0,0.0,0.0,0.0,0.0,0.0,0.0,0.0,0.0,0.0,0.0,0.0014903129657228018,0.0,0.0,0.0,0.0
Surah 16,0.0,0.015239571225623144,0.01391536408692337,0.007848147472166453,0.013255106475445458,0.02115971515768057,0.00945216049382716,0.004500160720025715,0.008986175115207374,0.017572316842389836,0.011439212556530992,0.007664932931836847,0.010568513119533527,0.014792899408284023,0.003977724741447892,1.0,0.0031746031746031746,0.0037324145851277634,0.0010570824524312897,0.0037117228580266005,0.010488364470665356,0.012849341471249599,0.007228915662650603,0.010705289672544081,0.005763688760806916,0.004327563249001331,0.011310711909514305,0.008443908323281062,0.02382645803698435,0.022416413373860182,0.014975041597337771,0.00804289544235925,0.003484320557491289,0.008342401160681901,0.0146948003014318,0.0061752219220378235,0.0007415647015202076,0.0007633587786259542,0.020860927152317882,0.01305909239307868,0.0052141527001862194,0.010968921389396709,0.0048005908419497785,0.0008984725965858042,0.0175513698630137,0.004356435643564357,0.0070862859524802,0.0036885245901639345,0.005405405405405406,0.0008873114463176575,0.0008956560680698612,0.001828989483310471,0.007210455159981974,0.0,0.0014012143858010276,0.0004464285714285714,0.004478827361563518,0.006834686031610423,0.005620406398616515,0.0017937219730941704,0.0057692307692307696,0.0058823529411764705,0.00291970802919708,0.008060692271218587,0.003233256351039261,0.003298774740810556,0.005454545454545455,0.006012950971322849,0.0,0.0004789272030651341,0.001912960306073649,0.0004636068613815484,0.0009633911368015414,0.0018823529411764706,0.0,0.000945179584120983,0.0009828009828009828,0.0,0.0004885197850512946,0.0,0.0,0.0,0.0,0.0005070993914807302,0.0020253164556962027,0.0,0.0,0.0,0.0,0.0,0.0,0.0,0.0,0.0,0.0,0.0005157297576070139,0.0,0.0015313935681470138,0.0,0.0,0.0,0.0,0.0,0.0,0.0,0.0,0.0,0.0,0.0,0.0,0.0,0.0,0.0,0.0
Surah 17,0.0,0.002639567110993797,0.0015851000594412521,0.004393505253104107,0.00022737608003638017,0.009768528349968147,0.003432956381260097,0.0010496850944716584,0.0007295719844357977,0.005747126436781609,0.0025502975347123833,0.001759014951627089,0.004805766920304365,0.0016155088852988692,0.0044444444444444444,0.0031746031746031746,1.0,0.013483850736908122,0.003114052160373686,0.0026908846283215607,0.0014209591474245115,0.0006927606511950121,0.005287009063444109,0.0010193679918450561,0.014039310068190935,0.0029143897996357013,0.005432814197754437,0.004238669709814151,0.005382545174932718,0.00956738768718802,0.0046168051708217915,0.003526448362720403,0.0027624309392265192,0.004391217564870259,0.004549214226633582,0.00213857998289136,0.0008220304151253596,0.0012738853503184713,0.00894774516821761,0.002117896223085069,0.004952538175815105,0.0036115569823434992,0.0012224938875305623,0.0030643513789581204,0.0033238366571699905,0.003977021652673442,0.0,0.0004578754578754579,0.0,0.0015082956259426848,0.001015744032503809,0.001038961038961039,0.0020335536349771225,0.0,0.0005321979776476849,0.0,0.0018190086402910413,0.0004780114722753346,0.000970873786407767,0.0,0.0,0.0,0.0,0.001075268817204301,0.0005243838489774515,0.000536480686695279,0.0010277492291880781,0.0010476689366160294,0.0005367686527106817,0.0,0.0,0.0,0.0,0.000536480686695279,0.0,0.0,0.0,0.0005621135469364812,0.0005608524957936063,0.0,0.0,0.0,0.0,0.000585480093676815,0.0,0.0,0.0,0.0,0.0,0.0,0.0,0.0,0.0,0.0,0.0,0.0,0.0,0.0,0.0,0.0,0.0,0.0,0.0,0.0,0.0,0.0,0.0,0.0,0.0,0.0006161429451632779,0.0,0.0006180469715698393,0.0,0.0
Surah 18,0.0,0.004086475085684155,0.0027662517289073307,0.0034220532319391636,0.0013596193065941536,0.008447729672650475,0.0064555174500706075,0.0006946856547412296,0.001695736434108527,0.00946372239747634,0.004233700254022015,0.0023330417031204435,0.0035714285714285713,0.0024057738572574178,0.00043878894251864854,0.0037324145851277634,0.013483850736908122,1.0,0.004253673627223511,0.003343363423604146,0.004244782454899187,0.005878284923928077,0.002616822429906542,0.0010124873439082012,0.0015723270440251573,0.0018063583815028901,0.0014326647564469914,0.004862236628849271,0.006493506493506494,0.00451559934318555,0.0022820629849383844,0.004995004995004995,0.0027434842249657062,0.0031645569620253164,0.007404360345536816,0.0021204410517387615,0.0020408163265306124,0.0016849199663016006,0.004244782454899187,0.004567814476458187,0.007799671592775041,0.00518341307814992,0.0012126111560226355,0.00202020202020202,0.0028208744710860366,0.0021862702229995625,0.0009216589861751152,0.0031847133757961785,0.0005032712632108706,0.0004972650422675286,0.0,0.0,0.0015090543259557343,0.0,0.0,0.0,0.0013513513513513514,0.0004734848484848485,0.0009615384615384616,0.0005027652086475615,0.0027129679869777536,0.0,0.0,0.0015965939329430547,0.002079002079002079,0.0005307855626326964,0.0005083884087442806,0.0,0.0,0.0,0.0005405405405405405,0.0015698587127158557,0.0005455537370430987,0.001594048884165781,0.0,0.0032119914346895075,0.0,0.001669449081803005,0.0,0.0,0.0011587485515643105,0.0,0.0,0.0011580775911986102,0.002310803004043905,0.0,0.0005896226415094339,0.0,0.0,0.0,0.0,0.0,0.0,0.0,0.0012077294685990338,0.0,0.0,0.002918855808523059,0.0,0.0,0.0,0.0,0.0012224938875305623,0.0,0.0,0.0,0.0,0.0,0.0,0.0,0.0,0.0,0.0,0.0
Surah 19,0.0,0.0017266187050359713,0.006604418127989069,0.0034729759062296505,0.002663825253063399,0.0019455252918287938,0.0018492834026814608,0.0018001800180018,0.0002874389192296637,0.00280014000700035,0.0020711080428028996,0.0018005041411595247,0.003749330476700589,0.0010851871947911015,0.0018495684340320592,0.0010570824524312897,0.003114052160373686,0.004253673627223511,1.0,0.0021358393848782574,0.005988023952095809,0.004008908685968819,0.0,0.0008661758336942399,0.006379585326953748,0.004267425320056899,0.001403180542563143,0.0045193097781429745,0.0035478966041561076,0.0027979854504756574,0.0032552083333333335,0.0029563932002956393,0.001323918799646955,0.004807692307692308,0.002794857462269424,0.009456264775413711,0.0033444816053511705,0.004664723032069971,0.003215434083601286,0.005015959872321021,0.001669449081803005,0.0026867275658248252,0.009418282548476454,0.0037764350453172208,0.004758667573079538,0.0073846153846153844,0.0013201320132013201,0.0012919896640826874,0.0,0.0044411547002220575,0.002250562640660165,0.0,0.000749063670411985,0.0,0.0016090104585679806,0.0014925373134328358,0.0006381620931716656,0.0,0.0007012622720897616,0.0007496251874062968,0.0008389261744966443,0.0,0.0,0.0008156606851549756,0.0015735641227380016,0.0,0.0007621951219512195,0.0,0.0,0.0,0.0016750418760469012,0.0023885350318471337,0.0,0.0008136696501220504,0.0,0.0,0.0,0.0043859649122807015,0.0,0.0,0.0,0.0,0.0,0.0018656716417910447,0.002785515320334262,0.0,0.0,0.0,0.0,0.0,0.0,0.0,0.0,0.0,0.001998001998001998,0.0,0.0,0.002830188679245283,0.0,0.0,0.0,0.0,0.0020387359836901123,0.0,0.0,0.0,0.0,0.0,0.0,0.0010121457489878543,0.0,0.0,0.0,0.0
Surah 20,0.0,0.0055972696245733785,0.0031191515907673115,0.0035935316430425234,0.003370245546461242,0.0031042128603104213,0.008943781942078365,0.0003803727653100038,0.0028401755744900596,0.0052275522755227555,0.0036418816388467377,0.0003139717425431711,0.003524229074889868,0.006263982102908278,0.004455445544554455,0.0037117228580266005,0.0026908846283215607,0.003343363423604146,0.0021358393848782574,1.0,0.004268529297632906,0.004914933837429111,0.0037159372419488025,0.0007371913011426465,0.003056768558951965,0.007993605115907274,0.00473746545598105,0.010642071656615822,0.00505902192242833,0.0018248175182481751,0.003611971104231166,0.005136986301369863,0.00037425149700598805,0.005279366476022877,0.002279981760145919,0.0018975332068311196,0.00045392646391284613,0.00047036688617121356,0.0034897246994959287,0.002691272587466359,0.00272975432211101,0.005314437555358724,0.0022512381809995496,0.0011554015020219526,0.0037333333333333333,0.0,0.0015641293013555788,0.0020512820512820513,0.002308136180034622,0.00859106529209622,0.0,0.0005899705014749262,0.002304147465437788,0.0,0.0,0.0,0.004073319755600814,0.005399568034557235,0.007705008255365988,0.0,0.00440251572327044,0.0025756600128783,0.0006389776357827476,0.006790123456790123,0.0017921146953405018,0.0012254901960784314,0.001750291715285881,0.0,0.0,0.0,0.0012515644555694619,0.0012040939193257074,0.0018987341772151898,0.0012254901960784314,0.0,0.0,0.0,0.003238341968911917,0.004527813712807244,0.0,0.0,0.0,0.0,0.0,0.001349527665317139,0.0,0.002079002079002079,0.0,0.0,0.0,0.0007012622720897616,0.0,0.0,0.0,0.0,0.0,0.0,0.003419972640218878,0.0,0.0,0.0,0.0,0.0,0.0,0.0,0.0,0.0,0.0,0.0,0.0,0.0,0.0,0.0,0.0
Surah 21,0.0,0.0023653819396131904,0.0019342359767891683,0.0018533772652388797,0.002001000500250125,0.005764353239566521,0.0050516143202284204,0.00040535062829347385,0.0005376344086021505,0.00517631834357813,0.004150702426564496,0.005319148936170213,0.004748338081671415,0.0014395393474088292,0.0021470746108427268,0.010488364470665356,0.0014209591474245115,0.004244782454899187,0.005988023952095809,0.004268529297632906,1.0,0.005235602094240838,0.003982300884955752,0.0019623233908948193,0.008026440037771483,0.00425531914893617,0.00633445945945946,0.0033607169529499626,0.004066877541798464,0.003948667324777887,0.0056401579244218835,0.0043969849246231155,0.00039840637450199205,0.006638217164532954,0.002461841457410143,0.006711409395973154,0.004426955238563699,0.005629477993858751,0.004554865424430642,0.0020483408439164277,0.004921259842519685,0.0023775558725630053,0.00535801266439357,0.005118362124120281,0.004672897196261682,0.003203416978109984,0.0005688282138794084,0.0005583472920156337,0.0012714558169103624,0.0018796992481203006,0.0012690355329949238,0.001959503592423253,0.0006341154090044388,0.0013123359580052493,0.0026972353337828725,0.0006317119393556538,0.0016602102933038186,0.0,0.0011997600479904018,0.0012698412698412698,0.0,0.0014357501794687725,0.0,0.0013633265167007499,0.0,0.0006798096532970768,0.005171299288946348,0.0019801980198019802,0.0,0.0,0.0006958942240779402,0.0006666666666666666,0.0,0.0,0.0,0.0,0.0,0.001444043321299639,0.0,0.0,0.0,0.0,0.0,0.0,0.000757002271006813,0.0,0.000779423226812159,0.0,0.0,0.0,0.0,0.0,0.0,0.0,0.0,0.00078003120124805,0.0,0.0,0.0,0.0,0.0,0.0,0.0,0.0,0.0,0.0,0.0,0.0,0.0,0.0,0.0,0.0,0.0,0.0
Surah 22,0.0,0.01210518992625574,0.010679196924391286,0.007965686274509803,0.01141439205955335,0.0054446460980036296,0.0034557235421166306,0.018459069020866775,0.007974481658692184,0.010174880763116057,0.0043736332396126214,0.002592352559948153,0.009699769053117783,0.01601507300989166,0.0010335917312661498,0.012849341471249599,0.0006927606511950121,0.005878284923928077,0.004008908685968819,0.004914933837429111,0.005235602094240838,1.0,0.000427715996578272,0.010011551790527531,0.0036413290851160674,0.0016488046166529267,0.0032719836400817996,0.0032751091703056767,0.010582010582010581,0.007180469123982767,0.03693340794627868,0.006027727546714889,0.004671078240560529,0.011531365313653136,0.0283203125,0.0009910802775024777,0.0009478672985781991,0.004442250740375123,0.011755168220510741,0.012474849094567404,0.007633587786259542,0.009267840593141797,0.0023485204321277596,0.0006097560975609756,0.009588268471517203,0.005157297576070139,0.010497237569060774,0.004314994606256742,0.005501222493887531,0.0030048076923076925,0.0,0.0006238303181534623,0.0030432136335970784,0.0012547051442910915,0.0006426735218508997,0.0006049606775559589,0.01457096600107933,0.014908256880733946,0.00636574074074074,0.002434570906877663,0.006688963210702341,0.0027378507871321013,0.0027210884353741495,0.00851900393184797,0.00698856416772554,0.004560260586319218,0.0037059913526868438,0.0,0.0,0.0006662225183211193,0.0019933554817275745,0.0,0.0020161290322580645,0.0006489292667099286,0.0,0.00065359477124183,0.0,0.0,0.0,0.0,0.0,0.0,0.0,0.0021691973969631237,0.008695652173913044,0.0007457121551081282,0.0,0.0,0.0,0.0,0.0,0.0,0.0,0.0,0.0015232292460015233,0.0,0.0,0.004382761139517896,0.0,0.0,0.0,0.0,0.0015467904098994587,0.0,0.0,0.0,0.0,0.0,0.0,0.0,0.0,0.0,0.0,0.0
Surah 23,0.0,0.0034173430158052115,0.002447708055184691,0.001702127659574468,0.0013007284079084287,0.009603841536614645,0.010057142857142857,0.0017338534893801473,0.002249086308687096,0.006482429205049471,0.014256619144602852,0.001047486033519553,0.005646817248459959,0.0031185031185031187,0.008254716981132075,0.007228915662650603,0.005287009063444109,0.002616822429906542,0.0,0.0037159372419488025,0.003982300884955752,0.000427715996578272,1.0,0.0033500837520938024,0.0030425963488843813,0.0018190086402910413,0.008152173913043478,0.007165605095541401,0.006825938566552901,0.004280363830925628,0.003703703703703704,0.00980392156862745,0.0,0.007172131147540984,0.0010655301012253596,0.003357582540570789,0.005333333333333333,0.0022172949002217295,0.006654835847382431,0.006153846153846154,0.0031931878658861094,0.005670103092783505,0.0026288117770767614,0.002126151665485471,0.00643915003219575,0.0017452006980802793,0.00125,0.001224739742804654,0.0,0.005578800557880056,0.0021156558533145277,0.0036443148688046646,0.0021156558533145277,0.0,0.0,0.0028109627547434997,0.0006053268765133172,0.0012978585334198572,0.005319148936170213,0.0,0.002352941176470588,0.0016181229773462784,0.0008025682182985554,0.004594180704441042,0.0,0.00076103500761035,0.0050323508267433505,0.0007352941176470588,0.002288329519450801,0.021634615384615384,0.001563721657544957,0.0007446016381236039,0.0023790642347343376,0.0,0.0,0.0007674597083653108,0.0008183306055646482,0.0,0.0008110300081103001,0.0,0.000864304235090752,0.0,0.0,0.0,0.0,0.0,0.0,0.0,0.0,0.0,0.0,0.0,0.0,0.0,0.0,0.0,0.0,0.0008718395815170009,0.0,0.0,0.0,0.0,0.0,0.0,0.0,0.0,0.0,0.0,0.0,0.0,0.0,0.0,0.0,0.0
