,Surah 1,Surah 2,Surah 3,Surah 4,Surah 5,Surah 6,Surah 7,Surah 8,Surah 9,Surah 10,Surah 11,Surah 12,Surah 13,Surah 14,Surah 15,Surah 16,Surah 17,Surah 18,Surah 19,Surah 20,Surah 21,Surah 22,Surah 23,Surah 24,Surah 25,Surah 26,Surah 27,Surah 28,Surah 29,Surah 30,Surah 31,Surah 32,Surah 33,Surah 34,Surah 35,Surah 36,Surah 37,Surah 38,Surah 39,Surah 40,Surah 41,Surah 42,Surah 43,Surah 44,Surah 45,Surah 46,Surah 47,Surah 48,Surah 49,Surah 50,Surah 51,Surah 52,Surah 53,Surah 54,Surah 55,Surah 56,Surah 57,Surah 58,Surah 59,Surah 60,Surah 61,Surah 62,Surah 63,Surah 64,Surah 65,Surah 66,Surah 67,Surah 68,Surah 69,Surah 70,Surah 71,Surah 72,Surah 73,Surah 74,Surah 75,Surah 76,Surah 77,Surah 78,Surah 79,Surah 80,Surah 81,Surah 82,Surah 83,Surah 84,Surah 85,Surah 86,Surah 87,Surah 88,Surah 89,Surah 90,Surah 91,Surah 92,Surah 93,Surah 94,Surah 95,Surah 96,Surah 97,Surah 98,Surah 99,Surah 100,Surah 101,Surah 102,Surah 103,Surah 104,Surah 105,Surah 106,Surah 107,Surah 108,Surah 109,Surah 110,Surah 111,Surah 112,Surah 113,Surah 114
Surah 1,0.9999997,0.8271553,0.9189497,0.8761606,0.8601263,0.89360356,0.88166344,0.8821752,0.8932378,0.9013107,0.8845535,0.8071542,0.9186548,0.90014493,0.80074,0.89939266,0.86418223,0.8696186,0.9016744,0.89307034,0.8832295,0.8049662,0.7928448,0.89703536,0.908107,0.8110577,0.897834,0.8277007,0.89446044,0.8943242,0.91455674,0.8960614,0.8886581,0.885029,0.9068956,0.8469469,0.93063426,0.9035283,0.8992847,0.86902076,0.828746,0.91544706,0.83656484,0.9093713,0.9153849,0.8617344,0.89607954,0.8768139,0.9062546,0.78432876,0.844758,0.89438194,0.8892978,0.8341229,0.8853015,0.7202337,0.9011434,0.88493234,0.9139056,0.8701882,0.91174257,0.905675,0.8666714,0.8981389,0.8932781,0.89959127,0.89126945,0.87828183,0.82804084,0.8728094,0.84211355,0.87553805,0.89463145,0.9059543,0.8779651,0.84535015,0.7038519,0.8095226,0.8503989,0.8622385,0.83989644,0.79262954,0.84980243,0.89588755,0.8516519,0.8712189,0.92286456,0.69390935,0.88312215,0.74852127,0.88648856,0.89738697,0.9116805,0.7598322,0.70755476,0.8574223,0.71267855,0.8852037,0.6138064,0.88282275,0.8854567,0.6456803,0.7248453,0.867967,0.6394671,0.76268506,0.7890971,0.60089576,0.8036486,0.8884182,0.6297779,0.82042503,0.85287535,0.6297488
Surah 2,0.8271553,1.0,0.8429464,0.76183856,0.75229025,0.84232473,0.8275314,0.88311434,0.8513489,0.8310938,0.7796345,0.73573047,0.8557476,0.7908042,0.73393524,0.78643465,0.71726084,0.77619493,0.794687,0.7945168,0.8064951,0.72263014,0.8703455,0.79408985,0.7606747,0.8041888,0.8573718,0.71734947,0.8577287,0.81275153,0.88225913,0.8294406,0.79476094,0.7688715,0.8127774,0.8237322,0.83831483,0.8009538,0.84044564,0.7510714,0.72713125,0.8383293,0.73656774,0.81017166,0.834015,0.7942078,0.80403286,0.8322512,0.81956166,0.6896549,0.75145584,0.8378175,0.7869223,0.7315224,0.7802597,0.68583053,0.7963251,0.80042547,0.84925884,0.84081453,0.80381405,0.8196535,0.83590376,0.8462263,0.78700364,0.8000529,0.76381683,0.78291357,0.6942501,0.73308146,0.75833374,0.7649519,0.7908459,0.7725358,0.7710183,0.6995867,0.6486211,0.71406716,0.70914316,0.7567698,0.7557974,0.79453015,0.78221637,0.83545274,0.82491195,0.73583764,0.8173485,0.57257324,0.79794097,0.6861689,0.7681788,0.8053275,0.8601919,0.65894306,0.61396563,0.844965,0.58416,0.8262561,0.5985432,0.74618423,0.74253917,0.73114777,0.6509875,0.7717704,0.5683443,0.68321276,0.6908603,0.57844657,0.80847394,0.84360564,0.50371933,0.711275,0.7391679,0.48670167
Surah 3,0.9189497,0.8429464,0.9999999,0.93545043,0.9271473,0.9486527,0.91957814,0.9337423,0.94655895,0.94994104,0.9564871,0.86561024,0.96841586,0.96286595,0.8196083,0.9509605,0.9092648,0.9202627,0.9266624,0.9440075,0.9434419,0.88026,0.7348299,0.9435702,0.9131039,0.81223506,0.92738515,0.8197105,0.9335052,0.93076646,0.9262426,0.94298553,0.94648176,0.9233909,0.96009666,0.8248979,0.93780506,0.9403969,0.94947433,0.94802046,0.88536346,0.96419364,0.8686906,0.942062,0.9563154,0.9345012,0.93596965,0.8945243,0.9317598,0.8056988,0.8122603,0.93973964,0.9420597,0.87774444,0.88266265,0.70902574,0.95482767,0.9382014,0.9640016,0.9168315,0.9615144,0.91112834,0.9480329,0.9485478,0.93695825,0.9317005,0.89894605,0.9515151,0.89454424,0.93339974,0.8651161,0.91712666,0.90228796,0.9329776,0.86532015,0.7966097,0.65294635,0.7256078,0.8875401,0.91731274,0.7958964,0.78552777,0.8698863,0.89825106,0.896451,0.8946503,0.9663026,0.6540627,0.9067161,0.71779835,0.9139192,0.9474299,0.89069664,0.71917474,0.65146834,0.88706285,0.649577,0.9175372,0.6031467,0.8870368,0.8865328,0.620362,0.65357554,0.9038297,0.61521184,0.70340693,0.70904446,0.56003004,0.73605216,0.88718855,0.5973259,0.8096747,0.8196616,0.53669405
Surah 4,0.8761606,0.76183856,0.93545043,1.0000001,0.9611672,0.89009494,0.9297197,0.92571,0.9058142,0.9380584,0.9613253,0.9032414,0.95099247,0.9473489,0.86281735,0.9699019,0.9315944,0.8952273,0.90584314,0.92672104,0.9383321,0.8813327,0.67013836,0.93582857,0.8919771,0.806002,0.9229565,0.7979716,0.91955143,0.92429245,0.8942884,0.93295705,0.9682788,0.8985348,0.9373992,0.79351854,0.8820082,0.9523235,0.94037867,0.94731116,0.92741,0.9501458,0.9165418,0.9420101,0.9311985,0.93378276,0.9045398,0.843562,0.93801415,0.83149457,0.7860246,0.8789527,0.91606385,0.9088647,0.89382297,0.68537146,0.92715067,0.96475196,0.93162245,0.9170908,0.95274127,0.8529331,0.94056755,0.89888996,0.94009274,0.95527726,0.86501354,0.96455,0.9392089,0.9311602,0.8317632,0.93758714,0.9142593,0.91966736,0.81256396,0.7506161,0.5741554,0.7704527,0.9054958,0.9303862,0.73151344,0.69942516,0.8290439,0.8547023,0.824687,0.88713527,0.93876314,0.6234026,0.8843909,0.7211636,0.89573115,0.94466704,0.80963385,0.65664,0.62374413,0.82125586,0.5698903,0.91623104,0.53774416,0.8803822,0.8855895,0.5263532,0.57180023,0.8889867,0.55267596,0.69478416,0.633119,0.52338094,0.69650686,0.8036314,0.61753833,0.74688923,0.76166725,0.48145714
Surah 5,0.8601263,0.75229025,0.9271473,0.9611672,0.99999976,0.8641636,0.9251927,0.91731143,0.8989625,0.92269516,0.9709554,0.8995278,0.9415425,0.9525889,0.8735008,0.9642165,0.9253935,0.8909457,0.88315034,0.9397361,0.9366255,0.8758316,0.6177615,0.9304578,0.8486115,0.77288735,0.92746866,0.7737794,0.9215379,0.925019,0.8966058,0.93805385,0.9513141,0.895284,0.93169135,0.8116817,0.8693694,0.942001,0.92476434,0.959344,0.9391828,0.94959295,0.90726346,0.9398986,0.9344849,0.9355511,0.9007272,0.836603,0.94325846,0.8175767,0.7667752,0.8766427,0.91271937,0.91605705,0.86712354,0.64264566,0.9151533,0.93193555,0.91564083,0.93335104,0.95412046,0.8283482,0.9419497,0.87718093,0.94945836,0.9249435,0.8246951,0.9710303,0.9438809,0.9267422,0.8269826,0.93644595,0.9053048,0.9108303,0.80410844,0.72129995,0.56582516,0.70785546,0.91098255,0.93871653,0.7043282,0.6840645,0.8345591,0.82432204,0.82571477,0.8784894,0.9210322,0.59355664,0.8563361,0.69908106,0.8686695,0.93814695,0.77955294,0.60089964,0.63631874,0.78830415,0.55134916,0.90776324,0.48207158,0.8570241,0.8900274,0.51371706,0.56970406,0.9139341,0.50603825,0.6831455,0.6253916,0.5384379,0.64856046,0.7726151,0.58633804,0.7090448,0.7318476,0.47460133
Surah 6,0.89360356,0.84232473,0.9486527,0.89009494,0.8641636,1.0,0.8709293,0.89426816,0.9269763,0.90489686,0.89524436,0.8177096,0.92718035,0.90718764,0.7716669,0.9060892,0.859329,0.8739023,0.90457034,0.90460336,0.8908057,0.8347274,0.7141192,0.886873,0.91529,0.78957653,0.8777523,0.7992765,0.88661706,0.8965218,0.8843256,0.90668297,0.89985144,0.9031628,0.9401461,0.7722811,0.90996325,0.8956861,0.9030105,0.8854196,0.8154807,0.9299259,0.82810384,0.9027728,0.92209977,0.91121304,0.8916198,0.8915544,0.8750753,0.7985493,0.7874121,0.8982894,0.8919107,0.8240884,0.88234395,0.68113655,0.9454801,0.897405,0.9418166,0.86788464,0.91926056,0.90229785,0.90042526,0.964537,0.8797692,0.89841104,0.89663935,0.89954406,0.8313737,0.87305135,0.8510506,0.85902536,0.8648317,0.8869746,0.8498537,0.79905134,0.63650864,0.7556276,0.819046,0.86668235,0.78888744,0.7754243,0.81070745,0.8864219,0.86855173,0.8674232,0.93855965,0.63923645,0.90170383,0.71688503,0.89415824,0.91379863,0.8905773,0.721294,0.64588386,0.891502,0.6624498,0.8645691,0.62563974,0.86571085,0.82586944,0.6625821,0.6261579,0.84611034,0.6108005,0.69925886,0.673144,0.5560086,0.71649003,0.88779724,0.5997422,0.79488873,0.8034464,0.51699215
Surah 7,0.88166344,0.8275314,0.91957814,0.9297197,0.9251927,0.8709293,0.9999999,0.9240987,0.90790665,0.9406516,0.9346277,0.9104837,0.9484285,0.9370224,0.8943447,0.93627524,0.910424,0.89335346,0.9118657,0.9272311,0.9295747,0.8617263,0.7357172,0.93263555,0.85261446,0.8649042,0.918465,0.83408844,0.9309807,0.91257036,0.9058058,0.9323969,0.938977,0.8767497,0.90316176,0.86002517,0.90314275,0.9542422,0.92658293,0.9128345,0.9066549,0.9265246,0.9136383,0.95175654,0.9231464,0.91051036,0.9047971,0.8702208,0.9360136,0.86914974,0.84020734,0.9078212,0.9260372,0.9085243,0.89426005,0.7507064,0.8989327,0.9335096,0.94664305,0.9237954,0.93361443,0.8612735,0.94211787,0.88540554,0.93889785,0.93591815,0.8556956,0.9263047,0.9094236,0.9056246,0.8500782,0.94744784,0.9136759,0.91810155,0.84042156,0.78474367,0.6564435,0.7898445,0.909271,0.9164499,0.7780311,0.754712,0.85950935,0.8731331,0.8667318,0.87277794,0.92618954,0.6360725,0.89886826,0.75079215,0.8842923,0.90945864,0.84177893,0.72143906,0.6488379,0.84368527,0.6052599,0.9305648,0.5815532,0.87902486,0.8849595,0.62833965,0.62565196,0.8575346,0.62011695,0.7482661,0.68913615,0.5695978,0.75787795,0.837886,0.58220434,0.7621328,0.76695013,0.55556667
Surah 8,0.8821752,0.88311434,0.9337423,0.92571,0.91731143,0.89426816,0.9240987,0.9999999,0.933289,0.93109494,0.9380646,0.8581997,0.94287944,0.9205953,0.8303424,0.93845546,0.87731457,0.88487923,0.8980051,0.9017445,0.9157413,0.8375472,0.7708359,0.91731066,0.85097885,0.7812562,0.9349319,0.77210325,0.9524106,0.92295337,0.9113251,0.9228207,0.948607,0.8748698,0.9198913,0.81242675,0.8664623,0.91811675,0.94610333,0.91301394,0.9019349,0.9546611,0.87593067,0.91830057,0.927889,0.9110399,0.91340214,0.88461137,0.94837415,0.7764166,0.75891924,0.89262974,0.88372314,0.85305446,0.86037016,0.6516658,0.9078542,0.92763007,0.92730474,0.9549851,0.9439165,0.8686031,0.9480369,0.917853,0.9151003,0.9278674,0.8247979,0.9373854,0.8712093,0.88569707,0.84118843,0.9039475,0.8745867,0.87623674,0.8179535,0.70798093,0.6041595,0.7184324,0.85325396,0.88151956,0.7221465,0.72042316,0.8275539,0.86069715,0.8683185,0.83073497,0.9274178,0.55225646,0.85625815,0.69048744,0.8550876,0.9202691,0.8332622,0.6245751,0.5999176,0.8727901,0.5521587,0.92145497,0.52388823,0.8392496,0.8344704,0.58631915,0.6160402,0.8610542,0.5157225,0.6760482,0.65609396,0.50880075,0.7745209,0.8578877,0.52921796,0.73966587,0.7302411,0.45220804
Surah 9,0.8932378,0.8513489,0.94655895,0.9058142,0.8989625,0.9269763,0.90790665,0.933289,1.0,0.9354811,0.9266926,0.8659686,0.94491184,0.9307886,0.8063026,0.9325279,0.8869383,0.8757521,0.9113042,0.9166136,0.9151552,0.8488821,0.7324723,0.9048517,0.88143474,0.8099402,0.9150468,0.8203989,0.92118883,0.91992855,0.90625167,0.9317906,0.9291947,0.8833783,0.93483245,0.79684293,0.8996883,0.9201162,0.93604124,0.91850907,0.86870253,0.9431958,0.8706161,0.9264468,0.9349671,0.91730976,0.8905462,0.8858365,0.9192071,0.80292785,0.7903017,0.91047543,0.8932109,0.8587909,0.8770637,0.6980321,0.9216792,0.91672313,0.9424562,0.9141845,0.9358309,0.8895817,0.9331144,0.9292819,0.9157215,0.9218962,0.8645906,0.92706794,0.8757497,0.89004886,0.87991345,0.8989297,0.8827673,0.88847184,0.85303277,0.7692852,0.6457238,0.74449617,0.8539137,0.8665135,0.76759475,0.75715333,0.83102846,0.8695858,0.863654,0.85394055,0.9257356,0.6140643,0.89554125,0.70013297,0.87556565,0.9057106,0.8657632,0.68910056,0.6367646,0.87831366,0.6283495,0.91604775,0.58147585,0.85067993,0.8297392,0.638306,0.5882281,0.8538876,0.59752345,0.6952925,0.6854186,0.5515331,0.7448357,0.870466,0.5507959,0.7737794,0.78026056,0.51721966
Surah 10,0.9013107,0.8310938,0.94994104,0.9380584,0.92269516,0.90489686,0.9406516,0.93109494,0.9354811,1.0000002,0.9539191,0.90086377,0.95603347,0.9528539,0.86317354,0.95473456,0.92860997,0.93452984,0.92848223,0.9337735,0.94725657,0.8594209,0.7448894,0.93083394,0.90141344,0.86331344,0.9427582,0.8471978,0.9596275,0.93115664,0.9367755,0.94123125,0.9582622,0.9308798,0.94113004,0.853366,0.9218689,0.9678029,0.9521531,0.94115275,0.9060963,0.94451845,0.90670395,0.9559269,0.93459255,0.92176396,0.9263531,0.86485785,0.933673,0.8730105,0.8163474,0.918256,0.943217,0.91547006,0.9192081,0.7387555,0.9284949,0.9492529,0.9643897,0.9256838,0.9589481,0.92220086,0.9600036,0.9121582,0.9374977,0.95373386,0.89096516,0.9495179,0.9140487,0.93841326,0.8714754,0.95744944,0.9034927,0.92212677,0.86183614,0.81809604,0.67244214,0.7584903,0.9047977,0.916152,0.78540814,0.7361447,0.87676644,0.8885282,0.8828168,0.89325243,0.9404698,0.6386535,0.91024864,0.727158,0.9022784,0.9308997,0.8684105,0.69962037,0.6551073,0.88337255,0.6212747,0.94547075,0.5915389,0.91437554,0.8902327,0.6096344,0.63791543,0.8967326,0.6289952,0.7267277,0.7279352,0.53485787,0.7467041,0.87547255,0.6204641,0.79523385,0.80262786,0.58646756
Surah 11,0.8845535,0.7796345,0.9564871,0.9613253,0.9709554,0.89524436,0.9346277,0.9380646,0.9266926,0.9539191,1.0,0.8952068,0.9612491,0.96668166,0.8588965,0.97274077,0.9291589,0.9136696,0.9182073,0.94197065,0.950252,0.8842059,0.6706471,0.94931835,0.87549067,0.77968824,0.9290569,0.79676914,0.94603395,0.9295132,0.91781926,0.9483893,0.97284514,0.91993296,0.9467061,0.8090846,0.89005476,0.95769906,0.95649046,0.9708956,0.9383917,0.9683976,0.9054949,0.9554527,0.94669926,0.94395745,0.923764,0.8620516,0.9577759,0.8130183,0.78328824,0.90247166,0.9355864,0.9094369,0.87307715,0.65913415,0.93769294,0.9585596,0.94412965,0.94158703,0.9725248,0.8714572,0.9603429,0.9073239,0.95662636,0.9513521,0.8581427,0.9776967,0.9355692,0.9469009,0.85692495,0.9538291,0.9046207,0.9218226,0.8328015,0.751852,0.60449594,0.7028908,0.90985155,0.93465835,0.73690057,0.7017807,0.84873116,0.8589953,0.8553364,0.87190384,0.9505565,0.59069824,0.87642884,0.6828699,0.8878457,0.9432576,0.81971073,0.64246684,0.61622113,0.8399005,0.5778832,0.9190427,0.5192494,0.8750386,0.8842225,0.5413231,0.57682085,0.8902674,0.54446876,0.66353005,0.6422982,0.5242178,0.6969415,0.8320334,0.56887716,0.7444433,0.75881803,0.5009897
Surah 12,0.8071542,0.73573047,0.86561024,0.9032414,0.8995278,0.8177096,0.9104837,0.8581997,0.8659686,0.90086377,0.8952068,1.0000001,0.9042976,0.8996146,0.8961458,0.9089991,0.9111887,0.8363844,0.87414676,0.9125334,0.90124166,0.8237875,0.5879147,0.87919927,0.8054929,0.8202527,0.91221297,0.82094073,0.8824202,0.87940407,0.8471365,0.88983524,0.91877204,0.8720851,0.87127274,0.8042606,0.84898794,0.91524047,0.8658759,0.89991516,0.9224593,0.8792142,0.9454285,0.91741896,0.8895087,0.8827473,0.8381999,0.7911414,0.8703322,0.88283896,0.77829605,0.8497933,0.9035963,0.89981586,0.9057001,0.7104715,0.8728033,0.9027453,0.8790205,0.86428833,0.9038512,0.8048729,0.89712495,0.8323085,0.8832205,0.9047844,0.8200832,0.9074359,0.92110157,0.8989578,0.8228777,0.9252749,0.90521663,0.8833769,0.77735007,0.74206847,0.5893713,0.7729496,0.90586954,0.9017998,0.7229444,0.68018967,0.8102987,0.791359,0.7866552,0.8700502,0.8690718,0.621359,0.8456829,0.70693845,0.87429005,0.8812399,0.76429486,0.62673557,0.6164964,0.7978577,0.5592476,0.8699932,0.51538116,0.8478025,0.88197243,0.5763291,0.5233043,0.83867836,0.54814583,0.675184,0.63572454,0.5076273,0.64268434,0.73699784,0.5783861,0.7340569,0.73778623,0.4974444
Surah 13,0.9186548,0.8557476,0.96841586,0.95099247,0.9415425,0.92718035,0.9484285,0.94287944,0.94491184,0.95603347,0.9612491,0.9042976,1.0000001,0.96532285,0.86119354,0.9680122,0.9210828,0.8999982,0.91974044,0.95341945,0.9553697,0.8915659,0.7348839,0.9545913,0.89230514,0.8457511,0.9456842,0.8466706,0.94722664,0.94216186,0.9281641,0.9567727,0.9590394,0.9179617,0.94203395,0.8485679,0.9394477,0.9606388,0.95139027,0.9469408,0.90951794,0.9639131,0.9075512,0.95978975,0.96301496,0.9433721,0.9260347,0.8750558,0.9522462,0.8383428,0.84160674,0.9433188,0.948347,0.9150012,0.9133837,0.73239565,0.95274013,0.9506727,0.96339625,0.9289206,0.9652798,0.8929449,0.95555985,0.9406674,0.95332736,0.94377255,0.89573973,0.95775396,0.9252416,0.9325361,0.85052705,0.94429725,0.936985,0.9455835,0.874998,0.81044465,0.66470325,0.77054054,0.9173614,0.92814237,0.80933994,0.79949665,0.88168544,0.9004443,0.88056463,0.9028454,0.96042174,0.6711014,0.9167071,0.7292726,0.9310123,0.9459213,0.87463784,0.7245522,0.67674965,0.8675276,0.6559037,0.92902005,0.6018874,0.8953406,0.9076438,0.6438271,0.6312407,0.9046806,0.6201395,0.72136474,0.70701766,0.5891756,0.7709819,0.85758054,0.5972632,0.7930043,0.82687175,0.54726386
Surah 14,0.90014493,0.7908042,0.96286595,0.9473489,0.9525889,0.90718764,0.9370224,0.9205953,0.9307886,0.9528539,0.96668166,0.8996146,0.96532285,0.99999994,0.87770724,0.96512604,0.9449165,0.9231111,0.9141066,0.9566916,0.9500804,0.87522495,0.68033814,0.95150834,0.9008652,0.8129102,0.93937874,0.8442053,0.9336624,0.92941666,0.9182412,0.95057476,0.95012516,0.91795546,0.94431555,0.83356017,0.92307675,0.9581501,0.9434322,0.96710855,0.92792726,0.9556413,0.91041577,0.9584017,0.95846605,0.94259286,0.9331199,0.8683125,0.932423,0.8322312,0.81455666,0.92708397,0.9503938,0.9088072,0.89765996,0.70082897,0.9428754,0.94150496,0.95688355,0.917506,0.96232617,0.89424485,0.9496411,0.92126966,0.9576997,0.9378021,0.8875336,0.96301013,0.9337669,0.95579284,0.87069213,0.95489514,0.9141453,0.94266677,0.85911256,0.78783077,0.63642895,0.7318834,0.92060107,0.9429018,0.77259696,0.7433161,0.8789822,0.87648064,0.88039315,0.90175235,0.95089495,0.64298105,0.8900444,0.71865153,0.9137124,0.9472114,0.8527601,0.69719356,0.6455209,0.8484995,0.6448373,0.93218017,0.55876154,0.9029479,0.9044473,0.575835,0.6122446,0.916571,0.58511114,0.72993565,0.7005144,0.55554396,0.7011849,0.84823066,0.61484396,0.791325,0.8018589,0.5521133
Surah 15,0.80074,0.73393524,0.8196083,0.86281735,0.8735008,0.7716669,0.8943447,0.8303424,0.8063026,0.86317354,0.8588965,0.8961458,0.86119354,0.87770724,1.0000002,0.85860574,0.8553929,0.82288605,0.81607103,0.8714728,0.8618903,0.7824531,0.6444297,0.875574,0.7677763,0.8301182,0.8902508,0.79426026,0.8631419,0.85204065,0.84180886,0.8654935,0.8491699,0.7965611,0.81842333,0.82484144,0.8222243,0.89180106,0.8317223,0.8625861,0.8864395,0.831524,0.9100169,0.87070084,0.8539403,0.8401683,0.8531904,0.7770541,0.8395574,0.8606105,0.80342185,0.8247476,0.85989714,0.87934417,0.8445781,0.7247441,0.79854786,0.8585232,0.847584,0.8464544,0.84837,0.74972165,0.86777115,0.7717194,0.88700265,0.84964734,0.7626998,0.8515169,0.86943555,0.8577272,0.7883628,0.89769936,0.86250246,0.85465074,0.748791,0.74621654,0.629722,0.78223366,0.8962652,0.87725604,0.7322489,0.7172264,0.83544964,0.7902006,0.79869765,0.8251052,0.81276846,0.63820815,0.7968442,0.7445077,0.82556343,0.83938557,0.75384116,0.62319845,0.66607034,0.7493724,0.55411255,0.8696404,0.49884203,0.8336669,0.8667083,0.58643603,0.5950372,0.8300184,0.55386,0.75573146,0.6716194,0.5409044,0.6327134,0.75026625,0.5920192,0.6861974,0.69909114,0.50488997
Surah 16,0.89939266,0.78643465,0.9509605,0.9699019,0.9642165,0.9060892,0.93627524,0.93845546,0.9325279,0.95473456,0.97274077,0.9089991,0.9680122,0.96512604,0.85860574,1.0000002,0.93815595,0.89916945,0.9143421,0.9554561,0.9532763,0.8867892,0.65863895,0.935058,0.8949703,0.79451215,0.94448894,0.8186317,0.9460933,0.9465449,0.91287017,0.9529213,0.97554463,0.9331203,0.9547895,0.8089627,0.90458494,0.95411706,0.95295084,0.95853,0.9322143,0.9687558,0.9184864,0.9611678,0.95677567,0.95606047,0.9047538,0.8565567,0.952054,0.83462965,0.7836348,0.9069949,0.93836397,0.9158964,0.918306,0.6671698,0.956875,0.95432293,0.94886947,0.93008184,0.97478396,0.8884413,0.9467596,0.92830634,0.9473283,0.94943583,0.88124907,0.97816646,0.9387816,0.9457192,0.8465704,0.9521211,0.92391175,0.934999,0.85306334,0.77106506,0.5952392,0.7474749,0.90636444,0.93632907,0.75063926,0.70656234,0.8455762,0.8613878,0.8445277,0.9056243,0.9591958,0.6334228,0.8877114,0.69250625,0.909462,0.9547092,0.82737863,0.64651453,0.6284969,0.85485774,0.6153889,0.927712,0.5499426,0.892417,0.905578,0.5745957,0.5787685,0.9050323,0.5399778,0.7159154,0.66256785,0.53120947,0.71390355,0.81237054,0.60589594,0.76832366,0.7877897,0.50696695
Surah 17,0.86418223,0.71726084,0.9092648,0.9315944,0.9253935,0.859329,0.910424,0.87731457,0.8869383,0.92860997,0.9291589,0.9111887,0.9210828,0.9449165,0.8553929,0.93815595,0.99999964,0.90148914,0.9258572,0.9330865,0.9132791,0.8361999,0.62112904,0.92147505,0.8881203,0.7955109,0.9200522,0.87066245,0.89939,0.90730464,0.85132045,0.9079866,0.93616366,0.9090218,0.9084765,0.77238584,0.8789757,0.9386897,0.90393114,0.9485298,0.9154343,0.9060747,0.9087247,0.92813766,0.91693103,0.89866126,0.90099084,0.80574816,0.89176,0.84910625,0.7677494,0.87219405,0.93330604,0.9049723,0.923417,0.6959788,0.9151864,0.92344135,0.9277211,0.88078207,0.9479624,0.8677443,0.91158974,0.87278485,0.9196099,0.93146646,0.8579558,0.93657815,0.9522979,0.9456966,0.87229264,0.9385782,0.9061931,0.90936804,0.8269489,0.7857981,0.5876127,0.74552006,0.93056065,0.9182163,0.72460544,0.64700454,0.82207936,0.830587,0.84282506,0.9153428,0.9216319,0.61381406,0.87035733,0.6869069,0.9180149,0.91652274,0.8037977,0.65122527,0.5893895,0.812001,0.6312381,0.91252506,0.52496374,0.91244984,0.89694655,0.51255614,0.5579765,0.8907868,0.5531132,0.7318828,0.6628361,0.47999817,0.6431642,0.80409384,0.6363747,0.7768228,0.7600527,0.53059465
Surah 18,0.8696186,0.77619493,0.9202627,0.8952273,0.8909457,0.8739023,0.89335346,0.88487923,0.8757521,0.93452984,0.9136696,0.8363844,0.8999982,0.9231111,0.82288605,0.89916945,0.90148914,1.0000001,0.892843,0.88396454,0.88352054,0.7968658,0.7220008,0.9056838,0.9059787,0.80647886,0.8930398,0.8125789,0.9152746,0.8909366,0.8837154,0.8757134,0.90809196,0.90108067,0.9014596,0.821608,0.87194514,0.92253256,0.9014601,0.90651864,0.85422575,0.8914454,0.8379445,0.8907243,0.87981564,0.860476,0.9359835,0.82584375,0.8911369,0.81141585,0.7743018,0.8783781,0.91183275,0.8686116,0.8700364,0.7012773,0.8702799,0.89416915,0.92144316,0.8918877,0.91899186,0.8861743,0.91390914,0.8608682,0.90302044,0.90632856,0.8473676,0.91285515,0.87347853,0.91852444,0.81924534,0.913922,0.83714366,0.8846263,0.8101569,0.78657985,0.64964163,0.6829736,0.86868274,0.8985005,0.7217385,0.6886431,0.856269,0.8516984,0.8760966,0.86716944,0.9060686,0.60163593,0.8548698,0.7023008,0.8676879,0.9022035,0.84230363,0.6891227,0.65294784,0.8438417,0.5881847,0.90635467,0.5490898,0.8912144,0.8662009,0.5279724,0.69126284,0.88205075,0.61666,0.6964462,0.7208668,0.501761,0.674374,0.86456245,0.6250801,0.79871404,0.76288784,0.5658287
Surah 19,0.9016744,0.794687,0.9266624,0.90584314,0.88315034,0.90457034,0.9118657,0.8980051,0.9113042,0.92848223,0.9182073,0.87414676,0.91974044,0.9141066,0.81607103,0.9143421,0.9258572,0.892843,0.9999999,0.9199647,0.8919696,0.8203859,0.71055585,0.8975277,0.9027105,0.7931082,0.9013194,0.83944696,0.8857425,0.8784381,0.8876487,0.91047454,0.9328405,0.9021082,0.9230283,0.7717403,0.89588445,0.9122844,0.91679513,0.90264994,0.868134,0.9213543,0.87804174,0.9273212,0.919424,0.88046986,0.89137787,0.86602914,0.9020975,0.80907786,0.79788834,0.8912942,0.9195943,0.83222365,0.89986086,0.72368586,0.91483694,0.9285396,0.9327739,0.89225274,0.93566126,0.902166,0.9044114,0.90295136,0.8931711,0.95703846,0.8927314,0.9142634,0.87010837,0.9065502,0.8794743,0.91368777,0.8946059,0.9028044,0.8420489,0.80531496,0.6316158,0.7623666,0.87768906,0.89264184,0.777362,0.7067691,0.7960912,0.89379483,0.8414921,0.86798286,0.9445077,0.6183068,0.8989878,0.7004639,0.89655167,0.90027624,0.8862393,0.72869945,0.5722695,0.89741963,0.6404709,0.88763326,0.60832155,0.90586525,0.8563849,0.57706153,0.587538,0.8438921,0.61815447,0.71815866,0.69200045,0.5436318,0.73544395,0.8756393,0.635985,0.8007579,0.79348564,0.5719563
Surah 20,0.89307034,0.7945168,0.9440075,0.92672104,0.9397361,0.90460336,0.9272311,0.9017445,0.9166136,0.9337735,0.94197065,0.9125334,0.95341945,0.9566916,0.8714728,0.9554561,0.9330865,0.88396454,0.9199647,1.0,0.9310633,0.8710301,0.66128194,0.9291288,0.88771796,0.8107403,0.93865955,0.85056263,0.91761065,0.91471386,0.8918383,0.9538721,0.93959695,0.9233239,0.9332736,0.8221082,0.9261632,0.93051535,0.9325256,0.94683534,0.91801953,0.936911,0.91914105,0.9433844,0.959687,0.9445515,0.89493906,0.8499522,0.92328507,0.8354696,0.819105,0.92079085,0.94810194,0.8921845,0.91621244,0.7215223,0.94718474,0.9245275,0.93791854,0.90672034,0.95581275,0.8684211,0.92198944,0.92343366,0.93803847,0.9240085,0.8738454,0.9443223,0.9136701,0.9375211,0.85188967,0.9395456,0.9224279,0.9383344,0.8678748,0.7936944,0.63489014,0.7590723,0.9169403,0.944775,0.7821481,0.75541276,0.85297096,0.8620494,0.85847706,0.9273728,0.9472233,0.6538091,0.8818146,0.7355652,0.9086154,0.9319546,0.84906626,0.6743684,0.6602005,0.8614775,0.6478387,0.90878844,0.57678187,0.88317585,0.91787076,0.6302749,0.6151509,0.91038156,0.5645606,0.7210205,0.68752897,0.57359755,0.70691645,0.80946505,0.61253476,0.8030951,0.81240094,0.55098045
Surah 21,0.8832295,0.8064951,0.9434419,0.9383321,0.9366255,0.8908057,0.9295747,0.9157413,0.9151552,0.94725657,0.950252,0.90124166,0.9553697,0.9500804,0.8618903,0.9532763,0.9132791,0.88352054,0.8919696,0.9310633,0.99999976,0.88742554,0.6768623,0.92980033,0.87283885,0.82318616,0.9319091,0.80301356,0.93656737,0.9314797,0.9235983,0.9381417,0.9475992,0.911686,0.93344116,0.83720636,0.9127422,0.9563077,0.9317376,0.9493762,0.9355657,0.94708705,0.90303767,0.9550671,0.94415706,0.94589716,0.89856756,0.84821737,0.93697464,0.8461904,0.79810286,0.90821445,0.94508684,0.92982733,0.8844185,0.6726286,0.9322304,0.94256467,0.944125,0.90806913,0.95268625,0.8720903,0.95375437,0.90434486,0.9363665,0.9234952,0.8634998,0.96142435,0.9313093,0.9241825,0.835072,0.9443275,0.9138226,0.92095554,0.8225468,0.7677457,0.6170266,0.72352856,0.9075291,0.92328906,0.76438206,0.72786504,0.866074,0.85088444,0.8633318,0.88554096,0.9355383,0.65838444,0.8870962,0.6918846,0.895965,0.9417117,0.8183507,0.63391715,0.6275487,0.83984166,0.5889747,0.9175688,0.5513506,0.8692841,0.90060407,0.5813377,0.58060193,0.8978758,0.5665509,0.68994147,0.67375314,0.50216013,0.7024774,0.8183677,0.5759614,0.7733325,0.7853781,0.49852312
Surah 22,0.8049662,0.72263014,0.88026,0.8813327,0.8758316,0.8347274,0.8617263,0.8375472,0.8488821,0.8594209,0.8842059,0.8237875,0.8915659,0.87522495,0.7824531,0.8867892,0.8361999,0.7968658,0.8203859,0.8710301,0.88742554,1.0,0.59623504,0.87004876,0.7876234,0.7443526,0.83831966,0.73480356,0.8423741,0.8614117,0.8257884,0.87110883,0.865861,0.8353667,0.8574773,0.74322605,0.84940875,0.8806953,0.8406419,0.8729538,0.83981186,0.8736829,0.82236063,0.8762758,0.87103397,0.8736575,0.8238235,0.78883225,0.8610547,0.7835109,0.75430024,0.8386204,0.87777567,0.85809237,0.8038174,0.65532154,0.8755652,0.8696525,0.8692559,0.8394373,0.8697489,0.77302015,0.87186015,0.8480632,0.8682786,0.85333645,0.82057244,0.8777676,0.858798,0.8555694,0.7781791,0.8584782,0.8607992,0.8753315,0.799478,0.7303962,0.5684479,0.6875911,0.8570611,0.8595661,0.73618233,0.7060918,0.7861544,0.8054347,0.80434585,0.8334687,0.86906123,0.6485032,0.8394744,0.6632534,0.85201544,0.86846197,0.74675214,0.6190559,0.57690364,0.74427974,0.5844529,0.8164923,0.6781432,0.8172791,0.84410226,0.5666951,0.5382014,0.8269743,0.542551,0.6357064,0.571294,0.51268625,0.64128554,0.7377696,0.52395105,0.6936172,0.71313244,0.43348232
Surah 23,0.7928448,0.8703455,0.7348299,0.67013836,0.6177615,0.7141192,0.7357172,0.7708359,0.7324723,0.7448894,0.6706471,0.5879147,0.7348839,0.68033814,0.6444297,0.65863895,0.62112904,0.7220008,0.71055585,0.66128194,0.6768623,0.59623504,0.9999995,0.7159907,0.7032287,0.78724587,0.7265033,0.67444134,0.770144,0.69202155,0.78396857,0.7151933,0.68834496,0.63297313,0.67722416,0.7678328,0.753395,0.7138078,0.75848496,0.6359448,0.59713817,0.7089655,0.614645,0.69572437,0.6981752,0.63703066,0.76724285,0.7397369,0.73166496,0.6038786,0.74559903,0.7517683,0.6778554,0.6277408,0.6784769,0.7135729,0.64969754,0.7276219,0.7486836,0.7560673,0.6898855,0.74882543,0.73418707,0.7088886,0.7205588,0.7208703,0.6698072,0.6475824,0.57567114,0.6358651,0.6827314,0.6713502,0.6771971,0.67405236,0.7174427,0.6634923,0.7068891,0.7020243,0.6292597,0.6440045,0.738638,0.7778098,0.73284197,0.78763014,0.77199155,0.62716424,0.7090579,0.5387609,0.70193374,0.682337,0.68314326,0.6837834,0.82151496,0.6862821,0.60496646,0.757237,0.54749745,0.7578232,0.57062835,0.6830436,0.6609627,0.65885735,0.734724,0.659722,0.61238396,0.65258,0.7326075,0.55407274,0.8048998,0.8247927,0.5046067,0.64852476,0.71046877,0.53387594
Surah 24,0.89703536,0.79408985,0.9435702,0.93582857,0.9304578,0.886873,0.93263555,0.91731066,0.9048517,0.93083394,0.94931835,0.87919927,0.9545913,0.95150834,0.875574,0.935058,0.92147505,0.9056838,0.8975277,0.9291288,0.92980033,0.87004876,0.7159907,0.99999994,0.8716353,0.8252938,0.93024373,0.8318776,0.92792976,0.91241986,0.8943744,0.9299365,0.9285005,0.87410283,0.9074095,0.8369672,0.9019215,0.95529264,0.9212476,0.95169187,0.9104709,0.9254328,0.8923219,0.9279955,0.93031025,0.9162874,0.9526817,0.8373775,0.9205067,0.8269323,0.84408456,0.92031157,0.92871046,0.9148642,0.87619466,0.7102939,0.907154,0.9257437,0.9390197,0.9110352,0.94423527,0.84146094,0.94763327,0.89095485,0.9602494,0.91287863,0.854916,0.9384887,0.9379387,0.94019926,0.83335054,0.9332305,0.9035549,0.9229645,0.8285122,0.79403585,0.6685253,0.73076004,0.9335622,0.9271995,0.7958708,0.77199954,0.8930892,0.8504017,0.9122008,0.87877095,0.9294302,0.6664478,0.88093615,0.7143566,0.91536164,0.9244648,0.82679325,0.6943185,0.6606618,0.80905026,0.59986305,0.9341445,0.5270239,0.87755316,0.89585215,0.5832119,0.6454805,0.9034265,0.6283897,0.70750546,0.69564724,0.5325953,0.69859517,0.8372053,0.57238543,0.7557095,0.7863828,0.5204436
Surah 25,0.908107,0.7606747,0.9131039,0.8919771,0.8486115,0.91529,0.85261446,0.85097885,0.88143474,0.90141344,0.87549067,0.8054929,0.89230514,0.9008652,0.7677763,0.8949703,0.8881203,0.9059787,0.9027105,0.88771796,0.87283885,0.7876234,0.7032287,0.8716353,1.0000001,0.7747185,0.8691447,0.84303725,0.867265,0.8915819,0.85649,0.8840096,0.88975066,0.90581,0.9121414,0.76354975,0.9003534,0.88679385,0.8920962,0.87559104,0.8133843,0.89100766,0.82575977,0.87293994,0.89238966,0.8688834,0.88243014,0.818372,0.85440975,0.78871363,0.75340664,0.8476639,0.8944223,0.8161358,0.9003389,0.6817044,0.9168426,0.8844601,0.9180477,0.8271625,0.91077733,0.9261143,0.8547337,0.9156434,0.86622226,0.8985826,0.9005356,0.89310426,0.8415991,0.89904565,0.8183364,0.8672309,0.8387629,0.8796981,0.84319365,0.7992129,0.60324425,0.7609923,0.81991714,0.8723747,0.75788885,0.6884518,0.7994473,0.8658193,0.8252492,0.88844705,0.9159591,0.6126995,0.8711736,0.71527964,0.886841,0.8965404,0.87578386,0.70401716,0.624737,0.87193704,0.6538258,0.8699446,0.594394,0.8875771,0.8376902,0.55402404,0.6167861,0.84686637,0.5870794,0.70250785,0.7143928,0.48079646,0.6924126,0.86111337,0.6649812,0.8516533,0.80114126,0.57086205
Surah 26,0.8110577,0.8041888,0.81223506,0.806002,0.77288735,0.78957653,0.8649042,0.7812562,0.8099402,0.86331344,0.77968824,0.8202527,0.8457511,0.8129102,0.8301182,0.79451215,0.7955109,0.80647886,0.7931082,0.8107403,0.82318616,0.7443526,0.78724587,0.8252938,0.7747185,0.99999964,0.8276931,0.82618916,0.85122776,0.8185104,0.83574593,0.8176652,0.79725766,0.7669398,0.7822334,0.8821382,0.8564712,0.864857,0.80406076,0.7853598,0.75720507,0.7754587,0.82936317,0.8383122,0.7966906,0.77038854,0.8210107,0.7768723,0.78448004,0.8906109,0.8690628,0.8508923,0.8439076,0.8726099,0.852121,0.87884784,0.7642005,0.83640283,0.8590687,0.8078785,0.7937165,0.7969701,0.8559206,0.7590349,0.8438197,0.8204911,0.7713584,0.78540653,0.8079088,0.7865504,0.77357256,0.844929,0.8357812,0.8348689,0.7798388,0.8191905,0.80736405,0.83386034,0.8510618,0.8037157,0.8044675,0.8264775,0.8738635,0.8347026,0.8135172,0.8278767,0.7821344,0.71530443,0.81952864,0.8159743,0.8441629,0.80588526,0.82412326,0.7661896,0.74269,0.76742846,0.6217848,0.84937644,0.64928997,0.83052003,0.8225262,0.70269036,0.68947375,0.80730796,0.7266155,0.7387421,0.7835743,0.65091985,0.6908939,0.791438,0.6408727,0.72597325,0.8153711,0.6140851
Surah 27,0.897834,0.8573718,0.92738515,0.9229565,0.92746866,0.8777523,0.918465,0.9349319,0.9150468,0.9427582,0.9290569,0.91221297,0.9456842,0.93937874,0.8902508,0.94448894,0.9200522,0.8930398,0.9013194,0.93865955,0.9319091,0.83831966,0.7265033,0.93024373,0.8691447,0.8276931,0.99999976,0.83551556,0.9414289,0.92961836,0.9466172,0.9309124,0.9349621,0.90720785,0.9317199,0.86256844,0.8946268,0.9398104,0.9279894,0.9344494,0.928224,0.93891186,0.91606534,0.9327652,0.94754976,0.9235028,0.90667254,0.8529601,0.92135704,0.83407044,0.7960968,0.90655524,0.9138118,0.8988823,0.9155198,0.6963932,0.9108839,0.9221064,0.93405694,0.91980666,0.9513008,0.8803754,0.9343854,0.89510417,0.91759855,0.92704165,0.8449149,0.94475836,0.91548187,0.91865623,0.83788615,0.9222585,0.9065916,0.8997178,0.81361854,0.7677262,0.6373377,0.74484557,0.9002818,0.922542,0.75074553,0.728785,0.8664335,0.8489296,0.86870396,0.8795925,0.9191186,0.6380157,0.8624676,0.691315,0.89947736,0.9315382,0.8381372,0.6204389,0.644747,0.8520893,0.5717779,0.9447502,0.538721,0.88031054,0.9043635,0.60138035,0.60367024,0.9116563,0.54115903,0.7350133,0.7268153,0.51360285,0.7217655,0.82761085,0.5995451,0.76316345,0.7868347,0.5020882
Surah 28,0.8277007,0.71734947,0.8197105,0.7979716,0.7737794,0.7992765,0.83408844,0.77210325,0.8203989,0.8471978,0.79676914,0.82094073,0.8466706,0.8442053,0.79426026,0.8186317,0.87066245,0.8125789,0.83944696,0.85056263,0.80301356,0.73480356,0.67444134,0.8318776,0.84303725,0.82618916,0.83551556,1.0000001,0.8266583,0.82200396,0.7777766,0.8418722,0.81744844,0.80157864,0.78143805,0.7788573,0.8620606,0.84662,0.8080748,0.81777084,0.7765699,0.7864777,0.8374937,0.8180108,0.82195115,0.7926587,0.83361024,0.73435706,0.78071624,0.8276996,0.7946155,0.82337373,0.8517555,0.81400275,0.8958819,0.74798006,0.80832416,0.8230164,0.8606805,0.77296996,0.8407887,0.8364035,0.8044956,0.80251944,0.84081846,0.83155215,0.81025654,0.7988766,0.82850075,0.8317969,0.8114244,0.85858643,0.8141962,0.8360024,0.81654936,0.82007384,0.67635906,0.7830658,0.84787804,0.81186163,0.7847579,0.7285817,0.81308955,0.809941,0.79014707,0.8468199,0.82391274,0.62240344,0.828391,0.7303145,0.8688149,0.79336184,0.8338457,0.7420671,0.6715459,0.81191975,0.63645524,0.8432309,0.6142247,0.84324217,0.81732005,0.62923694,0.6238376,0.79625857,0.6664809,0.7348121,0.72813594,0.54394525,0.68878347,0.7782631,0.6216326,0.74823403,0.7982718,0.66058207
Surah 29,0.89446044,0.8577287,0.9335052,0.91955143,0.9215379,0.88661706,0.9309807,0.9524106,0.92118883,0.9596275,0.94603395,0.8824202,0.94722664,0.9336624,0.8631419,0.9460933,0.89939,0.9152746,0.8857425,0.91761065,0.93656737,0.8423741,0.770144,0.92792976,0.867265,0.85122776,0.9414289,0.8266583,1.0000001,0.9383594,0.9222505,0.93164444,0.9478587,0.89864194,0.91341114,0.8836657,0.9012803,0.9490534,0.94687384,0.9283675,0.906283,0.93538684,0.89808047,0.9370851,0.9196026,0.918479,0.92832345,0.86336905,0.9402533,0.85001856,0.79175055,0.9022403,0.919151,0.90421385,0.891642,0.69292074,0.9068811,0.93600136,0.94375855,0.9437583,0.95122284,0.8869174,0.956697,0.8979012,0.93923044,0.9198709,0.8258352,0.94313484,0.89938813,0.91340387,0.8475289,0.9416725,0.8862995,0.89413464,0.84161526,0.7740227,0.67384994,0.7550977,0.88855165,0.89636725,0.762148,0.74428654,0.887875,0.84891117,0.89114624,0.87679887,0.923535,0.5981881,0.85769224,0.7326358,0.87978923,0.9260631,0.83626163,0.64875597,0.6824278,0.86903536,0.5735106,0.9369935,0.55069053,0.8629919,0.87382805,0.63364214,0.6621884,0.88890374,0.5620293,0.70083773,0.71742594,0.52052027,0.73991334,0.846408,0.55144215,0.76661456,0.7792293,0.5348731
Surah 30,0.8943242,0.81275153,0.93076646,0.92429245,0.925019,0.8965218,0.91257036,0.92295337,0.91992855,0.93115664,0.9295132,0.87940407,0.94216186,0.92941666,0.85204065,0.9465449,0.90730464,0.8909366,0.8784381,0.91471386,0.9314797,0.8614117,0.69202155,0.91241986,0.8915819,0.8185104,0.92961836,0.82200396,0.9383594,0.99999976,0.8979082,0.92035186,0.925483,0.9046929,0.9291161,0.82804435,0.90631115,0.9421702,0.9132957,0.92277473,0.8916587,0.93607885,0.88460106,0.9248356,0.92609817,0.913378,0.9062196,0.8646338,0.92060685,0.8546585,0.77773494,0.8789408,0.9161766,0.91526556,0.90118253,0.6768186,0.9208212,0.90761524,0.93612796,0.91236126,0.9377604,0.8776205,0.92441976,0.903821,0.91611195,0.9064475,0.84931886,0.93878704,0.9155074,0.9134125,0.8294388,0.90747565,0.900524,0.90638,0.85484475,0.78000844,0.6110646,0.76347417,0.8896698,0.8963149,0.7264884,0.7041879,0.85777795,0.84658927,0.86274135,0.9048909,0.9220372,0.6438954,0.87800324,0.69761753,0.89098513,0.9255106,0.8248034,0.6339489,0.67222863,0.8254496,0.6203353,0.92215323,0.554097,0.8786895,0.8888402,0.6131182,0.6272407,0.8972755,0.5500929,0.72621816,0.68262565,0.5172905,0.6960819,0.84304214,0.58579785,0.7657405,0.77705276,0.5051954
Surah 31,0.91455674,0.88225913,0.9262426,0.8942884,0.8966058,0.8843256,0.9058058,0.9113251,0.90625167,0.9367755,0.91781926,0.8471365,0.9281641,0.9182412,0.84180886,0.91287017,0.85132045,0.8837154,0.8876487,0.8918383,0.9235983,0.8257884,0.78396857,0.8943744,0.85649,0.83574593,0.9466172,0.7777766,0.9222505,0.8979082,1.0000001,0.9144707,0.90803653,0.88305235,0.93631,0.89155257,0.89527535,0.92579216,0.92128617,0.8934309,0.87884605,0.94185114,0.8652233,0.930341,0.91899997,0.8953692,0.8904353,0.89090616,0.9179366,0.80011445,0.8202537,0.90039855,0.8898431,0.86264694,0.8621341,0.70120937,0.883595,0.9065355,0.9228888,0.9115806,0.92001295,0.8992296,0.92488,0.88031733,0.8973261,0.9197023,0.85564077,0.9164158,0.84521997,0.8758472,0.842223,0.8877649,0.88232386,0.8847165,0.8113959,0.77867204,0.670503,0.73903716,0.84659433,0.8930243,0.7709092,0.77206856,0.8575626,0.8886531,0.84753734,0.8195256,0.90966916,0.6501467,0.8677256,0.71606123,0.85748625,0.9200127,0.8764795,0.6718402,0.659552,0.85303867,0.58139837,0.907001,0.5795444,0.8574922,0.86396813,0.616119,0.6400066,0.88102406,0.5944082,0.7195506,0.7467897,0.5845138,0.75817966,0.8680725,0.60229087,0.7438919,0.8019483,0.541561
Surah 32,0.8960614,0.8294406,0.94298553,0.93295705,0.93805385,0.90668297,0.9323969,0.9228207,0.9317906,0.94123125,0.9483893,0.88983524,0.9567727,0.95057476,0.8654935,0.9529213,0.9079866,0.8757134,0.91047454,0.9538721,0.9381417,0.87110883,0.7151933,0.9299365,0.8840096,0.8176652,0.9309124,0.8418722,0.93164444,0.92035186,0.9144707,0.99999976,0.94109416,0.89073926,0.92816085,0.8333253,0.9165296,0.9380526,0.96294874,0.95711464,0.9239244,0.94440955,0.9069056,0.9434389,0.9688417,0.9655905,0.9049618,0.8640466,0.9259893,0.8210735,0.80559695,0.9050301,0.9256045,0.88730216,0.89625573,0.7003265,0.933514,0.9352295,0.9427374,0.91981286,0.9483726,0.8747343,0.9361547,0.92260593,0.9442814,0.9262821,0.8648319,0.94788,0.9028551,0.9116622,0.8586422,0.93050617,0.9102567,0.9143696,0.8597111,0.7716689,0.6432108,0.7625334,0.89151084,0.9208543,0.7869376,0.763713,0.8486747,0.87235534,0.85502803,0.87963563,0.936945,0.6133375,0.89101225,0.74031204,0.89002097,0.9276707,0.8571903,0.67579687,0.6641509,0.86803734,0.6259525,0.92524815,0.56415474,0.86730856,0.8788826,0.6182077,0.6003332,0.89020395,0.57487,0.7055335,0.66944134,0.5775441,0.73882747,0.8375423,0.5900476,0.76544714,0.7989626,0.5476543
